2 0.50234375 0.45234375 0.9390625 0.525
2 0.5390625 0.4234375 0.225 0.2453125
2 0.65078125 0.5890625 0.25 0.20625
2 0.41015625 0.553125 0.2875 0.3109375
2 0.2515625 0.46875 0.3765625 0.25625
2 0.81484375 0.4765625 0.3078125 0.346875
2 0.57578125 0.26796875 0.21875 0.1484375
2 0.39140625 0.325 0.2125 0.190625
2 0.275 0.3671875 0.11875 0.1328125
2 0.22265625 0.59765625 0.1953125 0.19375
2 0.4203125 0.62265625 0.1984375 0.190625
2 0.803125 0.5703125 0.184375 0.190625
2 0.88515625 0.48203125 0.1703125 0.16875
2 0.7265625 0.4390625 0.14375 0.175
2 0.82578125 0.38046875 0.140625 0.1296875