0 0.48828125 0.35078125 0.046875 0.04609375
0 0.453125 0.2296875 0.03671875 0.02578125
0 0.84140625 0.10625 0.0453125 0.0375
0 0.56796875 0.57734375 0.06015625 0.04765625
0 0.79375 0.49140625 0.0375 0.03125
0 0.93515625 0.4765625 0.046875 0.03046875
0 0.98125 0.125 0.0375 0.0421875
0 0.73828125 0.16328125 0.0515625 0.03671875
0 0.38359375 0.35078125 0.06015625 0.04609375
0 0.76953125 0.2203125 0.05234375 0.04140625
0 0.25234375 0.39453125 0.05546875 0.04453125
0 0.66484375 0.02890625 0.0453125 0.03828125
0 0.3734375 0.2828125 0.059375 0.04453125
0 0.8796875 0.3125 0.0390625 0.0359375
0 0.925 0.42109375 0.03671875 0.025
0 0.41328125 0.47578125 0.05390625 0.0375
0 0.89140625 0.43125 0.03515625 0.02890625
0 0.965625 0.325 0.04296875 0.02890625
0 0.8328125 0.46796875 0.040625 0.025
0 0.88125 0.1109375 0.04296875 0.034375
0 0.69140625 0.478125 0.046875 0.040625
0 0.33984375 0.38828125 0.0484375 0.03984375
0 0.92578125 0.534375 0.040625 0.034375
0 0.9375 0.08515625 0.0453125 0.03984375
0 0.89453125 0.14765625 0.046875 0.040625