0 0.57734375 0.20078125 0.03046875 0.02265625
0 0.92265625 0.11953125 0.02578125 0.01796875
0 0.4359375 0.61953125 0.03984375 0.02578125
0 0.57890625 0.48359375 0.03671875 0.02734375
0 0.99140625 0.3828125 0.0171875 0.01953125
0 0.77890625 0.01875 0.034375 0.028125
0 0.73828125 0.1375 0.03515625 0.02890625
0 0.30390625 0.44140625 0.03203125 0.0234375
0 0.95625 0.071875 0.02578125 0.01796875
0 0.234375 0.5078125 0.03515625 0.02734375
0 0.61875 0.51875 0.040625 0.0265625
0 0.1984375 0.49609375 0.03984375 0.0296875
0 0.18125 0.20078125 0.03125 0.021875
0 0.0375 0.57265625 0.03828125 0.02421875
0 0.1171875 0.40859375 0.03515625 0.02421875
0 0.33203125 0.36015625 0.03046875 0.0265625
0 0.6703125 0.13359375 0.02890625 0.02265625
0 0.096875 0.240625 0.02734375 0.0234375
0 0.540625 0.58203125 0.03671875 0.02734375
0 0.59375 0.54140625 0.0375 0.02421875
0 0.60546875 0.49375 0.0328125 0.025
0 0.6640625 0.07890625 0.0375 0.034375
0 0.9765625 0.05703125 0.028125 0.0203125
0 0.7515625 0.553125 0.03359375 0.0234375
0 0.01640625 0.54375 0.03203125 0.02734375
0 0.0875 0.5390625 0.034375 0.0234375
0 0.56484375 0.15 0.034375 0.028125
0 0.7046875 0.428125 0.0375 0.02890625
0 0.328125 0.20859375 0.03046875 0.0234375
0 0.25703125 0.4625 0.0359375 0.02890625
0 0.40703125 0.290625 0.03125 0.028125
0 0.50390625 0.5796875 0.03828125 0.028125
0 0.33359375 0.44453125 0.0328125 0.025
0 0.27265625 0.59453125 0.0359375 0.025
0 0.47421875 0.1328125 0.04140625 0.0375
0 0.38671875 0.2015625 0.02734375 0.02421875
0 0.93828125 0.0875 0.0234375 0.01796875
0 0.909375 0.0078125 0.021875 0.015625
0 0.471875 0.6125 0.03515625 0.025
0 0.1140625 0.5015625 0.03203125 0.025
0 0.72421875 0.24921875 0.03671875 0.028125
0 0.3296875 0.32421875 0.03515625 0.025
0 0.23671875 0.56171875 0.034375 0.02734375
0 0.03984375 0.52265625 0.0375 0.02421875
0 0.29921875 0.32890625 0.0359375 0.025
0 0.4234375 0.5234375 0.034375 0.02421875
0 0.2625 0.38359375 0.03515625 0.02890625
0 0.70390625 0.04921875 0.04140625 0.03125