0 0.609375 0.01015625 0.040625 0.0203125
0 0.4 0.19609375 0.0375 0.03359375
0 0.84609375 0.4609375 0.034375 0.02578125
0 0.6078125 0.459375 0.0328125 0.025
0 0.634375 0.0625 0.03984375 0.0390625
0 0.72890625 0.02421875 0.04296875 0.0328125
0 0.29140625 0.34921875 0.04765625 0.04140625
0 0.5109375 0.059375 0.0421875 0.03828125
0 0.34375 0.26328125 0.0421875 0.03359375
0 0.5859375 0.49765625 0.040625 0.03125
0 0.3328125 0.30234375 0.04765625 0.03671875
0 0.525 0.5234375 0.04453125 0.03125
0 0.615625 0.03828125 0.0421875 0.03828125
0 0.86875 0.48671875 0.04140625 0.03203125
0 0.37109375 0.32109375 0.046875 0.0375