0 0.525 0.11328125 0.04375 0.04375
0 0.13828125 0.02265625 0.053125 0.0421875
0 0.775 0.50390625 0.0296875 0.021875
0 0.490625 0.0859375 0.05 0.046875
0 0.43203125 0.25546875 0.040625 0.03125
0 0.0078125 0.41328125 0.015625 0.053125
0 0.109375 0.32734375 0.071875 0.05625
0 0.32265625 0.18359375 0.05625 0.04375
0 0.62890625 0.57578125 0.034375 0.0234375
0 0.1625 0.4015625 0.046875 0.040625
0 0.79375 0.45625 0.028125 0.0265625
0 0.8296875 0.2203125 0.0484375 0.04375
0 0.48671875 0.14453125 0.0484375 0.0390625
0 0.88359375 0.4 0.04375 0.03125
0 0.271875 0.35625 0.05 0.040625
0 0.6546875 0.4859375 0.0578125 0.0375
0 0.6625 0.44453125 0.04375 0.040625
0 0.8 0.18359375 0.046875 0.0390625
0 0.8 0.2515625 0.0515625 0.0375
0 0.3453125 0.27734375 0.05 0.05
0 0.7109375 0.38671875 0.053125 0.040625
0 0.5375 0.5234375 0.046875 0.040625
0 0.74375 0.42890625 0.0484375 0.0390625
0 0.76640625 0.2921875 0.05 0.040625
0 0.63671875 0.41640625 0.05 0.0421875
0 0.5015625 0.5875 0.053125 0.0390625
0 0.159375 0.35625 0.053125 0.040625
0 0.33203125 0.31953125 0.053125 0.0453125