0 0.2125 0.19609375 0.0625 0.04296875
0 0.865625 0.38046875 0.03515625 0.03046875
0 0.45703125 0.08203125 0.04453125 0.03515625
0 0.3203125 0.4625 0.06171875 0.04296875
0 0.42734375 0.05 0.0421875 0.03828125
0 0.38984375 0.38203125 0.053125 0.0484375
0 0.02109375 0.2140625 0.040625 0.02734375
0 0.9578125 0.3625 0.0625 0.04921875
0 0.284375 0.3890625 0.0703125 0.04609375
0 0.2421875 0.221875 0.05859375 0.0453125
0 0.59921875 0.2796875 0.05546875 0.04296875
0 0.353125 0.4125 0.06015625 0.04921875
0 0.75 0.5046875 0.040625 0.0375
0 0.21796875 0.08515625 0.0375 0.028125
0 0.6765625 0.44765625 0.04296875 0.0359375