0 0.49453125 0.46796875 0.0546875 0.04296875
0 0.28125 0.11484375 0.05859375 0.04609375
0 0.396875 0.08515625 0.04921875 0.0453125
0 0.4453125 0.4390625 0.05234375 0.04296875
0 0.4921875 0.38046875 0.046875 0.04296875
0 0.321875 0.4203125 0.0515625 0.04453125
0 0.2609375 0.03671875 0.06484375 0.0546875
0 0.05703125 0.2421875 0.0703125 0.04296875
0 0.73203125 0.16484375 0.04453125 0.03671875
0 0.35234375 0.10078125 0.04296875 0.04296875
0 0.46171875 0.41171875 0.04375 0.0375
0 0.7109375 0.19375 0.0453125 0.0375