0 0.63671875 0.56953125 0.04375 0.05625
0 0.48203125 0.50703125 0.04375 0.05625
0 0.24296875 0.3765625 0.0515625 0.0640625
0 0.621875 0.7109375 0.0453125 0.065625
0 0.24765625 0.48203125 0.0578125 0.06875
0 0.32109375 0.48046875 0.05 0.059375
0 0.34140625 0.6671875 0.040625 0.053125
0 0.52109375 0.5796875 0.0515625 0.0640625
0 0.465625 0.30703125 0.05 0.059375
0 0.30625 0.6140625 0.040625 0.053125
0 0.47890625 0.44296875 0.0359375 0.059375
0 0.5046875 0.34765625 0.0421875 0.0484375
0 0.5125 0.43828125 0.0359375 0.046875