0 0.1703125 0.4203125 0.04140625 0.03046875
0 0.415625 0.5828125 0.046875 0.0359375
0 0.43203125 0.50234375 0.065625 0.04609375
0 0.334375 0.296875 0.04296875 0.034375
0 0.225 0.38671875 0.0390625 0.03125
0 0.62109375 0.575 0.046875 0.0390625
0 0.3765625 0.296875 0.04140625 0.0359375
0 0.890625 0.53046875 0.03671875 0.028125
0 0.39765625 0.61640625 0.0546875 0.040625
0 0.3953125 0.34453125 0.0390625 0.03515625
0 0.7140625 0.58828125 0.04453125 0.040625
0 0.13359375 0.490625 0.04453125 0.02890625
0 0.20390625 0.50703125 0.0421875 0.03359375
0 0.15859375 0.4625 0.04609375 0.03671875