0 0.69921875 0.24609375 0.0328125 0.02421875
0 0.51796875 0.18828125 0.04453125 0.0453125
0 0.5625 0.11328125 0.05234375 0.03359375
0 0.58828125 0.1296875 0.0453125 0.03203125
0 0.3828125 0.30625 0.06328125 0.04140625
0 0.29375 0.2609375 0.0421875 0.0359375
0 0.353125 0.3890625 0.05703125 0.04765625
0 0.321875 0.31015625 0.0625 0.05078125
0 0.290625 0.1078125 0.05234375 0.0484375
0 0.41328125 0.2546875 0.05703125 0.04453125
0 0.221875 0.28515625 0.04609375 0.034375
0 0.43984375 0.33203125 0.05390625 0.04453125
0 0.51328125 0.12421875 0.05390625 0.04609375
0 0.36484375 0.34140625 0.0625 0.04609375
0 0.15859375 0.2140625 0.046875 0.03125
0 0.70703125 0.1859375 0.06015625 0.04921875