0 0.8625 0.11875 0.0890625 0.0609375
0 0.48828125 0.525 0.06875 0.046875
0 0.3828125 0.0125 0.0390625 0.025
0 0.30390625 0.01875 0.034375 0.03125
0 0.59140625 0.53046875 0.059375 0.046875
0 0.1 0.10390625 0.0421875 0.034375
0 0.1390625 0.090625 0.04375 0.034375
0 0.51328125 0.1203125 0.059375 0.04375
0 0.50625 0.44296875 0.065625 0.0484375
0 0.29296875 0.05625 0.0359375 0.03125
0 0.32265625 0.42734375 0.046875 0.034375
0 0.53046875 0.17734375 0.05625 0.04375
0 0.82734375 0.20390625 0.0984375 0.0625
0 0.44296875 0.2375 0.0546875 0.0421875
0 0.16796875 0.31171875 0.046875 0.034375
0 0.1390625 0.0125 0.0421875 0.025
0 0.51171875 0.23828125 0.05625 0.05