0 0.1546875 0.27421875 0.103125 0.078125
0 0.38828125 0.4609375 0.0640625 0.04375
0 0.3875 0.3359375 0.0625 0.0453125
0 0.1328125 0.134375 0.040625 0.0359375
0 0.5671875 0.35546875 0.0921875 0.0546875
0 0.6234375 0.4015625 0.08125 0.0578125
0 0.36953125 0.1296875 0.05625 0.0515625
0 0.4484375 0.4859375 0.0625 0.05
0 0.29296875 0.228125 0.08125 0.059375
0 0.29921875 0.45859375 0.053125 0.0453125
0 0.36875 0.534375 0.0625 0.05
0 0.29375 0.57890625 0.0625 0.046875
0 0.259375 0.353125 0.09375 0.06875
0 0.51796875 0.47578125 0.046875 0.040625