0 0.1484375 0.0671875 0.06875 0.05
0 0.64296875 0.0140625 0.0578125 0.028125
0 0.55625 0.33203125 0.046875 0.0359375
0 0.971875 0.6359375 0.05625 0.040625
0 0.49140625 0.38359375 0.05625 0.0421875
0 0.26875 0.01484375 0.0578125 0.0296875
0 0.91328125 0.59453125 0.059375 0.0390625
0 0.63828125 0.20625 0.04375 0.0375
0 0.45 0.36171875 0.05625 0.04375
0 0.46015625 0.025 0.0578125 0.05
0 0.46328125 0.31796875 0.0625 0.046875
0 0.8953125 0.12734375 0.103125 0.0875
0 0.46484375 0.49609375 0.059375 0.046875
0 0.5046875 0.4578125 0.059375 0.04375
0 0.2328125 0.41171875 0.04375 0.0359375
0 0.7640625 0.1859375 0.028125 0.025
0 0.7234375 0.48515625 0.05 0.0390625
0 0.603125 0.36328125 0.046875 0.034375