0 0.828125 0.09375 0.053125 0.040625
0 0.1875 0.1515625 0.0390625 0.0296875
0 0.6125 0.009375 0.05625 0.01875
0 0.73359375 0.41953125 0.040625 0.028125
0 0.93515625 0.33203125 0.059375 0.05
0 0.528125 0.028125 0.034375 0.025
0 0.63671875 0.284375 0.0484375 0.034375
0 0.91640625 0.371875 0.0578125 0.040625
0 0.553125 0.5421875 0.046875 0.04375
0 0.4484375 0.57734375 0.0421875 0.034375
0 0.77265625 0.43671875 0.05 0.04375
0 0.07734375 0.11796875 0.040625 0.0375
0 0.51796875 0.40390625 0.040625 0.034375
0 0.6109375 0.31171875 0.04375 0.034375
0 0.478125 0.53046875 0.046875 0.03125
0 0.471875 0.475 0.0515625 0.0390625
0 0.4546875 0.35859375 0.04375 0.03125
0 0.434375 0.6046875 0.040625 0.03125
0 0.471875 0.43984375 0.0484375 0.0375
0 0.53984375 0.36953125 0.05 0.0328125