0 0.91953125 0.06484375 0.05703125 0.03984375
0 0.58203125 0.16171875 0.078125 0.0609375
0 0.56015625 0.1125 0.0765625 0.0578125
0 0.46171875 0.41015625 0.04609375 0.04453125
0 0.5 0.4234375 0.05390625 0.0375
0 0.7 0.49609375 0.05859375 0.04375
0 0.43125 0.47578125 0.05078125 0.03671875
0 0.68125 0.4609375 0.05078125 0.0390625
0 0.30078125 0.45546875 0.0296875 0.0234375
0 0.74609375 0.51796875 0.05859375 0.0421875
0 0.478125 0.4671875 0.04765625 0.0359375
0 0.159375 0.24140625 0.0390625 0.028125
0 0.28515625 0.30234375 0.03828125 0.03671875
0 0.41796875 0.4421875 0.0484375 0.0390625
0 0.3578125 0.44453125 0.03671875 0.0296875
0 0.32421875 0.2640625 0.03984375 0.02890625
0 0.46171875 0.50078125 0.04765625 0.04296875
0 0.2125 0.225 0.0375 0.0265625