0 0.32109375 0.44453125 0.04296875 0.03359375
0 0.30703125 0.47734375 0.04296875 0.03203125
0 0.509375 0.15234375 0.04375 0.0375
0 0.35390625 0.290625 0.046875 0.04375
0 0.86953125 0.19140625 0.0609375 0.03984375
0 0.2859375 0.45703125 0.04765625 0.03515625
0 0.98203125 0.1484375 0.0359375 0.04765625
0 0.73203125 0.38125 0.04296875 0.03359375
0 0.47890625 0.47421875 0.05390625 0.03984375
0 0.06796875 0.2015625 0.0390625 0.03203125
0 0.3109375 0.30546875 0.0515625 0.0421875
0 0.67109375 0.371875 0.04375 0.0375
0 0.896875 0.15703125 0.0453125 0.03828125
0 0.265625 0.365625 0.05078125 0.0390625
0 0.56015625 0.52890625 0.0578125 0.04140625
0 0.5546875 0.3125 0.06171875 0.046875
0 0.03984375 0.1328125 0.04765625 0.03984375
0 0.45 0.1921875 0.0609375 0.04296875
0 0.6640625 0.553125 0.0671875 0.040625
0 0.73515625 0.35078125 0.040625 0.03203125
0 0.5859375 0.38203125 0.0453125 0.03984375