0 0.8109375 0.5125 0.0390625 0.03125
0 0.26171875 0.021875 0.0609375 0.04375
0 0.45703125 0.41171875 0.0609375 0.05
0 0.50390625 0.43671875 0.0625 0.046875
0 0.66640625 0.24296875 0.05 0.0421875
0 0.9671875 0.14609375 0.065625 0.1015625
0 0.5765625 0.38203125 0.0515625 0.040625
0 0.7984375 0.22265625 0.03125 0.0265625
0 0.48125 0.0359375 0.065625 0.059375
0 0.515625 0.51953125 0.0640625 0.0484375
0 0.971875 0.67265625 0.05625 0.04375
0 0.47109375 0.56171875 0.065625 0.053125
0 0.13046875 0.08515625 0.06875 0.053125
0 0.21328125 0.471875 0.0484375 0.0390625
0 0.4734375 0.3640625 0.065625 0.0515625
0 0.765625 0.55234375 0.053125 0.04375
0 0.628125 0.41640625 0.0515625 0.0375