0 0.80625 0.15703125 0.0484375 0.03671875
0 0.215625 0.21015625 0.0359375 0.02734375
0 0.60703125 0.06484375 0.05078125 0.04453125
0 0.71875 0.45703125 0.03671875 0.0265625
0 0.90390625 0.3765625 0.0546875 0.04609375
0 0.52890625 0.09609375 0.03125 0.0234375
0 0.62890625 0.3328125 0.04453125 0.03125
0 0.88671875 0.41328125 0.053125 0.03828125
0 0.55234375 0.5703125 0.04296875 0.040625
0 0.45546875 0.60234375 0.0390625 0.03125
0 0.7546875 0.47265625 0.0453125 0.03984375
0 0.1140625 0.1796875 0.0375 0.03359375
0 0.5203125 0.44296875 0.03671875 0.03203125
0 0.60546875 0.3578125 0.040625 0.0328125
0 0.48359375 0.559375 0.0421875 0.02890625
0 0.47734375 0.50859375 0.04765625 0.0359375
0 0.4609375 0.40078125 0.03984375 0.028125
0 0.44296875 0.62734375 0.03671875 0.028125
0 0.47734375 0.47578125 0.0453125 0.03515625
0 0.53984375 0.4109375 0.0453125 0.03046875