0 0.48046875 0.45625 0.0609375 0.04296875
0 0.3609375 0.07734375 0.0265625 0.02109375
0 0.2078125 0.04453125 0.03984375 0.03515625
0 0.5171875 0.47578125 0.04765625 0.04140625
0 0.4734375 0.36328125 0.04921875 0.040625
0 0.63671875 0.1734375 0.06875 0.0578125
0 0.1625 0.12421875 0.04296875 0.03828125
0 0.459375 0.43125 0.0578125 0.04609375
0 0.02734375 0.11875 0.04921875 0.040625
0 0.521875 0.38046875 0.05546875 0.04609375
0 0.37109375 0.33984375 0.05859375 0.0421875
0 0.5328125 0.16796875 0.0609375 0.0421875
0 0.02265625 0.20234375 0.0453125 0.03984375