0 0.34921875 0.59453125 0.04921875 0.03984375
0 0.75234375 0.18359375 0.03203125 0.02578125
0 0.12890625 0.221875 0.028125 0.021875
0 0.9671875 0.0453125 0.05703125 0.0421875
0 0.75 0.16015625 0.03515625 0.025
0 0.3921875 0.56875 0.0453125 0.034375
0 0.6234375 0.3203125 0.04765625 0.0390625
0 0.38359375 0.6234375 0.03984375 0.03046875
0 0.0546875 0.27890625 0.0453125 0.02734375
0 0.56640625 0.39453125 0.04921875 0.0375
0 0.5078125 0.51953125 0.05703125 0.04296875
0 0.5421875 0.5453125 0.03203125 0.02421875
0 0.421875 0.384375 0.03828125 0.03515625
0 0.63515625 0.3875 0.0421875 0.0359375
0 0.51015625 0.596875 0.0359375 0.02421875
0 0.684375 0.43125 0.04140625 0.03515625
0 0.71640625 0.3140625 0.034375 0.028125
0 0.3578125 0.42890625 0.03984375 0.03359375
0 0.659375 0.2640625 0.034375 0.03203125
0 0.090625 0.29453125 0.040625 0.0296875
0 0.35078125 0.47734375 0.04375 0.03515625
0 0.4453125 0.4484375 0.04453125 0.0359375
0 0.23828125 0.52578125 0.046875 0.0390625
0 0.64375 0.54765625 0.0375 0.03203125
0 0.29296875 0.5171875 0.04453125 0.03828125
0 0.63671875 0.6125 0.0359375 0.03046875
0 0.51796875 0.26875 0.0453125 0.0328125
0 0.21015625 0.46015625 0.04609375 0.0375
0 0.56015625 0.44375 0.04609375 0.0421875