0 0.45859375 0.584375 0.05 0.06875
0 0.39140625 0.59765625 0.0578125 0.08125
0 0.2984375 0.196875 0.05625 0.06875
0 0.55625 0.5828125 0.05 0.0734375
0 0.58203125 0.42578125 0.0515625 0.0625
0 0.5125 0.3375 0.0375 0.05625
0 0.3078125 0.90234375 0.0515625 0.046875
0 0.60625 0.33671875 0.046875 0.05625
0 0.38359375 0.23671875 0.053125 0.0625
0 0.33203125 0.76484375 0.059375 0.06875
0 0.5109375 0.38984375 0.0390625 0.059375
0 0.36171875 0.87890625 0.0609375 0.078125
0 0.37578125 0.675 0.0625 0.09375