0 0.55703125 0.36171875 0.053125 0.0390625
0 0.18515625 0.140625 0.03359375 0.02734375
0 0.35546875 0.32578125 0.04765625 0.0359375
0 0.50859375 0.2984375 0.0625 0.05
0 0.49609375 0.37421875 0.04609375 0.03828125
0 0.6328125 0.3890625 0.0625 0.0421875
0 0.615625 0.5109375 0.05 0.040625
0 0.1953125 0.546875 0.05625 0.0375
0 0.67265625 0.5453125 0.0515625 0.0421875
0 0.553125 0.40859375 0.0515625 0.03984375
0 0.30546875 0.32265625 0.04453125 0.034375
0 0.84921875 0.053125 0.04296875 0.03671875
0 0.2546875 0.51875 0.04375 0.03515625
0 0.48125 0.33984375 0.04609375 0.03984375
0 0.42421875 0.3796875 0.04609375 0.0359375
0 0.425 0.3421875 0.04609375 0.0375