0 0.64453125 0.5265625 0.05390625 0.04375
0 0.72734375 0.57890625 0.0296875 0.0234375
0 0.275 0.36171875 0.06953125 0.05
0 0.8703125 0.2265625 0.03203125 0.02265625
0 0.9734375 0.334375 0.03515625 0.02734375
0 0.46640625 0.33984375 0.05703125 0.05078125
0 0.9578125 0.4984375 0.04140625 0.02578125
0 0.859375 0.33671875 0.04140625 0.0328125
0 0.7859375 0.5046875 0.0390625 0.0234375
0 0.76953125 0.31796875 0.03515625 0.025
0 0.85 0.309375 0.0390625 0.0265625
0 0.640625 0.56328125 0.040625 0.03203125
0 0.82109375 0.49375 0.03828125 0.0234375
0 0.98203125 0.2859375 0.0359375 0.028125
0 0.803125 0.53046875 0.040625 0.02734375
0 0.915625 0.49921875 0.03671875 0.0234375