0 0.44140625 0.63046875 0.053125 0.0421875
0 0.5 0.484375 0.05234375 0.040625
0 0.62421875 0.25703125 0.0609375 0.04921875
0 0.30703125 0.61640625 0.06328125 0.04296875
0 0.5234375 0.26171875 0.06484375 0.0546875
0 0.52578125 0.33125 0.05625 0.04765625
0 0.3484375 0.35078125 0.04921875 0.03828125
0 0.43203125 0.52109375 0.06015625 0.04921875
0 0.68984375 0.46875 0.05703125 0.046875
0 0.3984375 0.31796875 0.05 0.03828125
0 0.5609375 0.48125 0.05546875 0.034375
0 0.6515625 0.50546875 0.0453125 0.03984375
0 0.565625 0.5125 0.0453125 0.034375