0 0.1046875 0.628125 0.05625 0.0640625
0 0.40703125 0.10078125 0.040625 0.053125
0 0.25234375 0.43984375 0.0875 0.10625
0 0.43671875 0.00390625 0.0359375 0.0078125
0 0.55546875 0.2984375 0.03125 0.040625
0 0.59453125 0.4 0.05 0.059375
0 0.52265625 0.375 0.046875 0.0671875
0 0.32890625 0.71484375 0.0625 0.0734375
0 0.48671875 0.52890625 0.0671875 0.078125
0 0.5046875 0.1328125 0.040625 0.04375
0 0.23203125 0.68828125 0.053125 0.053125
0 0.31953125 0.6125 0.0734375 0.0890625
0 0.3890625 0.06171875 0.0375 0.05