0 0.68125 0.153125 0.078125 0.053125
0 0.35625 0.59609375 0.06875 0.040625
0 0.40390625 0.61875 0.0625 0.05
0 0.56875 0.14609375 0.075 0.059375
0 0.41328125 0.1234375 0.071875 0.06875
0 0.984375 0.17265625 0.03125 0.0296875
0 0.63984375 0.58203125 0.0375 0.025
0 0.67421875 0.59140625 0.0375 0.034375
0 0.4484375 0.52734375 0.059375 0.04375
0 0.42265625 0.45859375 0.065625 0.04375
0 0.77578125 0.440625 0.0484375 0.04375
0 0.7234375 0.403125 0.046875 0.034375
0 0.98046875 0.1390625 0.0390625 0.03125
0 0.75 0.50859375 0.040625 0.028125