0 0.55546875 0.09609375 0.090625 0.0625
0 0.278125 0.31171875 0.034375 0.03125
0 0.4890625 0.0359375 0.0890625 0.06875
0 0.26875 0.4453125 0.0453125 0.034375
0 0.425 0.22421875 0.0390625 0.0328125
0 0.3828125 0.05078125 0.04375 0.046875
0 0.93046875 0.3625 0.065625 0.0375
0 0.65078125 0.26953125 0.034375 0.021875
0 0.4671875 0.5078125 0.040625 0.0359375
0 0.596875 0.396875 0.040625 0.028125
0 0.46484375 0.44765625 0.0484375 0.0375
0 0.52734375 0.5109375 0.040625 0.0375
0 0.1609375 0.35546875 0.0625 0.0421875
0 0.19765625 0.4515625 0.05 0.040625
0 0.309375 0.278125 0.040625 0.034375
0 0.3203125 0.31875 0.0390625 0.0265625
0 0.6828125 0.290625 0.034375 0.0265625
0 0.8265625 0.57109375 0.0515625 0.046875
0 0.2390625 0.4796875 0.0515625 0.04375
0 0.4875 0.43203125 0.0421875 0.034375
0 0.5984375 0.371875 0.0390625 0.03125
0 0.67890625 0.315625 0.03125 0.025
0 0.2421875 0.3640625 0.0515625 0.04375