0 0.5859375 0.5171875 0.0359375 0.02265625
0 0.2015625 0.57890625 0.05703125 0.04609375
0 0.84453125 0.03828125 0.040625 0.03828125
0 0.82265625 0.4921875 0.0390625 0.02578125
0 0.65078125 0.5421875 0.03203125 0.02734375
0 0.19375 0.53359375 0.06484375 0.0421875
0 0.28203125 0.51875 0.0453125 0.03828125
0 0.22734375 0.503125 0.034375 0.02265625
0 0.5234375 0.14453125 0.05 0.0390625
0 0.5140625 0.0921875 0.03828125 0.0375
0 0.2421875 0.55234375 0.05859375 0.03984375
0 0.471875 0.4609375 0.03046875 0.0234375
0 0.290625 0.47890625 0.05703125 0.04375
0 0.4234375 0.33671875 0.05625 0.0421875
0 0.5625 0.46796875 0.028125 0.02578125
0 0.3265625 0.37109375 0.05546875 0.0359375
0 0.24140625 0.2765625 0.0375 0.03359375
0 0.2828125 0.140625 0.040625 0.03515625
0 0.134375 0.51015625 0.040625 0.02734375
0 0.421875 0.47578125 0.03046875 0.02421875
0 0.63203125 0.29765625 0.0421875 0.03125
0 0.46796875 0.43828125 0.034375 0.02265625
0 0.0953125 0.51484375 0.04296875 0.02734375
0 0.515625 0.49296875 0.034375 0.03046875
0 0.60703125 0.20234375 0.04296875 0.03359375