0 0.2328125 0.79765625 0.0375 0.04375
0 0.2640625 0.42578125 0.05625 0.06875
0 0.5515625 0.5046875 0.046875 0.059375
0 0.15625 0.71484375 0.0578125 0.06875
0 0.203125 0.19140625 0.040625 0.0453125
0 0.25625 0.2328125 0.034375 0.0421875
0 0.31953125 0.365625 0.05 0.0625
0 0.296875 0.24453125 0.0421875 0.04375
0 0.53046875 0.4484375 0.0484375 0.065625
0 0.46171875 0.70546875 0.0453125 0.053125
0 0.3328125 0.43984375 0.046875 0.053125
0 0.38125 0.62109375 0.0328125 0.040625
0 0.4828125 0.76328125 0.0375 0.046875
0 0.64765625 0.42265625 0.05 0.053125