0 0.22109375 0.28125 0.0234375 0.01875
0 0.53828125 0.2625 0.025 0.025
0 0.596875 0.64296875 0.0296875 0.025
0 0.7375 0.6421875 0.04375 0.0328125
0 0.24375 0.2828125 0.0203125 0.015625
0 0.85625 0.48203125 0.046875 0.0375
0 0.240625 0.1265625 0.0203125 0.015625
0 0.28828125 0.56875 0.0296875 0.01875
0 0.72109375 0.296875 0.028125 0.025
0 0.48359375 0.2171875 0.0328125 0.025
0 0.928125 0.384375 0.040625 0.025
0 0.82109375 0.45390625 0.046875 0.034375
0 0.6515625 0.2125 0.03125 0.0265625
0 0.27578125 0.5515625 0.034375 0.021875
0 0.29140625 0.4921875 0.028125 0.021875
0 0.7640625 0.425 0.040625 0.03125
0 0.32421875 0.3734375 0.0296875 0.025
0 0.6265625 0.17109375 0.03125 0.028125
0 0.63203125 0.34296875 0.028125 0.025
0 0.553125 0.39375 0.03125 0.025
0 0.36953125 0.68828125 0.040625 0.0359375
0 0.81875 0.496875 0.0484375 0.0375
0 0.29375 0.31875 0.0203125 0.0140625
0 0.42109375 0.671875 0.0375 0.025
0 0.64765625 0.2375 0.03125 0.025
0 0.44921875 0.65546875 0.04375 0.0328125
0 0.359375 0.41796875 0.03125 0.0203125
0 0.29296875 0.384375 0.03125 0.0203125
0 0.621875 0.2078125 0.03125 0.028125
0 0.82265625 0.4015625 0.04375 0.0265625
0 0.2125 0.69609375 0.0375 0.03125
0 0.36953125 0.60859375 0.0375 0.025
0 0.03984375 0.390625 0.03125 0.025
0 0.58828125 0.61796875 0.040625 0.028125
0 0.26796875 0.53046875 0.034375 0.021875
0 0.07890625 0.37890625 0.028125 0.025
0 0.4671875 0.621875 0.0375 0.028125
0 0.59140625 0.1890625 0.034375 0.025
0 0.64921875 0.53984375 0.034375 0.021875
0 0.28671875 0.5125 0.028125 0.0203125
0 0.38046875 0.65078125 0.03125 0.0265625
0 0.5 0.6078125 0.0375 0.028125
0 0.61328125 0.3125 0.0328125 0.021875
0 0.69296875 0.1953125 0.034375 0.0265625
0 0.17421875 0.1734375 0.021875 0.015625
0 0.72578125 0.1890625 0.034375 0.0265625
0 0.23203125 0.140625 0.021875 0.015625