0 0.31640625 0.6265625 0.028125 0.021875
0 0.50234375 0.47578125 0.03125 0.01875
0 0.3078125 0.134375 0.0375 0.028125
0 0.4859375 0.1578125 0.03125 0.03125
0 0.27890625 0.40390625 0.025 0.0203125
0 0.3625 0.3890625 0.0265625 0.025
0 0.40390625 0.4546875 0.021875 0.01875
0 0.49296875 0.22421875 0.0359375 0.025
0 0.5609375 0.11484375 0.0375 0.034375
0 0.240625 0.41640625 0.025 0.01875
0 0.33203125 0.28828125 0.028125 0.025
0 0.68984375 0.2796875 0.040625 0.034375
0 0.32890625 0.375 0.0265625 0.0203125
0 0.6625 0.22734375 0.040625 0.028125
0 0.48984375 0.45625 0.03125 0.025
0 0.39609375 0.42734375 0.025 0.021875
0 0.36171875 0.33359375 0.03125 0.0234375
0 0.51953125 0.64765625 0.03125 0.0234375
0 0.371875 0.62109375 0.03125 0.0234375
0 0.34140625 0.525 0.034375 0.0234375
0 0.33046875 0.25078125 0.034375 0.025