0 0.5 0.54140625 0.0484375 0.04375
0 0.95390625 0.38046875 0.0375 0.03125
0 0.98984375 0.3875 0.0203125 0.03125
0 0.3484375 0.3421875 0.05625 0.0375
0 0.43203125 0.3796875 0.0625 0.046875
0 0.81484375 0.4296875 0.025 0.021875
0 0.96640625 0.5578125 0.04375 0.025
0 0.81484375 0.34609375 0.0234375 0.015625
0 0.4625 0.565625 0.05 0.0421875
0 0.91171875 0.52890625 0.03125 0.01875
0 0.9328125 0.32734375 0.034375 0.028125
0 0.96171875 0.58203125 0.0375 0.025
0 0.79609375 0.37578125 0.0234375 0.021875
0 0.9140625 0.5515625 0.028125 0.021875