0 0.1234375 0.153125 0.071875 0.05
0 0.8640625 0.3609375 0.040625 0.034375
0 0.40078125 0.0234375 0.05 0.040625
0 0.24609375 0.4546875 0.06875 0.0484375
0 0.325 0.36328125 0.059375 0.0546875
0 0.96640625 0.34140625 0.0671875 0.05625
0 0.20546875 0.37109375 0.0796875 0.053125
0 0.15703125 0.18203125 0.065625 0.0515625
0 0.56171875 0.24765625 0.0625 0.0484375
0 0.2828125 0.39765625 0.06875 0.05625
0 0.7328125 0.5015625 0.0453125 0.0421875
0 0.13046875 0.0265625 0.0421875 0.03125
0 0.64921875 0.4375 0.0484375 0.040625