0 0.04140625 0.25703125 0.040625 0.03125
0 0.50390625 0.27734375 0.03125 0.025
0 0.96015625 0.95546875 0.040625 0.034375
0 0.56875 0.32578125 0.03125 0.025
0 0.696875 0.41328125 0.0421875 0.028125
0 0.98359375 0.34453125 0.03125 0.0421875
0 0.93671875 0.2984375 0.053125 0.04375
0 0.8296875 0.3609375 0.0515625 0.0390625
0 0.21328125 0.2140625 0.0421875 0.0375
0 0.49765625 0.6203125 0.040625 0.0359375
0 0.48359375 0.415625 0.0375 0.0296875
0 0.4578125 0.23671875 0.034375 0.025
0 0.446875 0.2109375 0.034375 0.0296875
0 0.3640625 0.22265625 0.040625 0.028125
0 0.896875 0.96328125 0.0375 0.0375
0 0.3328125 0.190625 0.040625 0.028125
0 0.56171875 0.30390625 0.0375 0.0265625
0 0.6703125 0.4328125 0.0390625 0.03125
0 0.3265625 0.22890625 0.0453125 0.03125
0 0.77734375 0.37421875 0.0484375 0.034375
0 0.11015625 0.4609375 0.040625 0.028125
0 0.5375 0.56328125 0.034375 0.028125
0 0.55625 0.35 0.034375 0.025
0 0.13359375 0.51171875 0.040625 0.03125
0 0.95078125 0.4140625 0.046875 0.040625
0 0.39453125 0.32890625 0.0375 0.0296875
0 0.42734375 0.29609375 0.0375 0.028125
0 0.41640625 0.35625 0.0359375 0.028125
0 0.7765625 0.41953125 0.05 0.040625
0 0.41875 0.11875 0.0359375 0.028125
0 0.6515625 0.36640625 0.034375 0.028125