0 0.40703125 0.31796875 0.05625 0.0453125
0 0.07421875 0.13515625 0.0375 0.0265625
0 0.428125 0.48125 0.065625 0.04375
0 0.71171875 0.28671875 0.0484375 0.034375
0 0.6296875 0.1609375 0.0421875 0.0359375
0 0.309375 0.44140625 0.05625 0.040625
0 0.98046875 0.46953125 0.0390625 0.0375
0 0.07421875 0.1859375 0.03125 0.0265625
0 0.20703125 0.0546875 0.0375 0.0359375
0 0.4671875 0.409375 0.0546875 0.046875
0 0.36328125 0.29375 0.06875 0.046875
0 0.2015625 0.16796875 0.034375 0.03125
0 0.15390625 0.140625 0.040625 0.0265625
0 0.65078125 0.071875 0.04375 0.0421875
0 0.9453125 0.16796875 0.059375 0.04375
0 0.91171875 0.215625 0.053125 0.04375
0 0.7375 0.2484375 0.0578125 0.0390625
0 0.35859375 0.4890625 0.0578125 0.04375
0 0.6265625 0.55078125 0.05 0.034375
0 0.625 0.28671875 0.0625 0.053125
0 0.45625 0.203125 0.05 0.05
0 0.7546875 0.37421875 0.0421875 0.034375
0 0.79453125 0.24296875 0.0328125 0.0265625
0 0.584375 0.56953125 0.046875 0.0375
0 0.62890625 0.39140625 0.046875 0.040625
0 0.7828125 0.43671875 0.04375 0.0375
0 0.5171875 0.52578125 0.05 0.0390625
0 0.1203125 0.1234375 0.046875 0.034375
0 0.83671875 0.4390625 0.0453125 0.0375
0 0.484375 0.31171875 0.0484375 0.0453125
0 0.57890625 0.509375 0.05 0.04375