0 0.5390625 0.21796875 0.0734375 0.06015625
0 0.59609375 0.290625 0.05703125 0.04453125
0 0.928125 0.203125 0.046875 0.0375
0 0.54453125 0.3171875 0.0640625 0.05859375
0 0.7296875 0.67578125 0.05625 0.040625
0 0.39921875 0.3765625 0.07265625 0.05234375
0 0.7203125 0.58671875 0.02734375 0.021875
0 0.8375 0.678125 0.0375 0.03203125
0 0.959375 0.309375 0.05078125 0.03203125
0 0.52109375 0.14375 0.06484375 0.053125
0 0.46328125 0.39453125 0.06875 0.053125
0 0.825 0.71484375 0.0328125 0.02265625
0 0.409375 0.4265625 0.0625 0.04765625
0 0.4984375 0.26015625 0.0734375 0.0546875
0 0.915625 0.571875 0.03671875 0.028125
0 0.7984375 0.6375 0.034375 0.0234375