0 0.38125 0.571875 0.053125 0.040625
0 0.66796875 0.5171875 0.021875 0.015625
0 0.43046875 0.51953125 0.053125 0.0421875
0 0.72734375 0.49453125 0.021875 0.015625
0 0.865625 0.31796875 0.0375 0.03125
0 0.9875 0.7015625 0.025 0.04375
0 0.3625 0.45390625 0.0609375 0.04375
0 0.42109375 0.47578125 0.0515625 0.0453125
0 0.09296875 0.66015625 0.03125 0.025
0 0.603125 0.52421875 0.025 0.01875
0 0.62109375 0.46015625 0.028125 0.0265625
0 0.3359375 0.1515625 0.034375 0.03125
0 0.12890625 0.359375 0.0484375 0.040625
0 0.97109375 0.40859375 0.034375 0.025