0 0.9296875 0.0171875 0.0625 0.034375
0 0.5578125 0.11875 0.0859375 0.06875
0 0.53359375 0.06484375 0.084375 0.0640625
0 0.425 0.39375 0.05 0.05
0 0.46640625 0.40859375 0.059375 0.040625
0 0.68828125 0.48828125 0.065625 0.0484375
0 0.390625 0.46640625 0.05625 0.040625
0 0.66796875 0.44921875 0.05625 0.04375
0 0.246875 0.44375 0.0328125 0.0265625
0 0.7390625 0.51171875 0.065625 0.046875
0 0.44375 0.45625 0.053125 0.040625
0 0.09140625 0.20703125 0.04375 0.03125
0 0.2296875 0.27421875 0.0421875 0.040625
0 0.3765625 0.428125 0.053125 0.04375
0 0.31015625 0.43125 0.040625 0.0328125
0 0.27265625 0.23203125 0.04375 0.03125
0 0.425 0.49375 0.053125 0.046875
0 0.15 0.1890625 0.040625 0.0296875