0 0.75390625 0.4609375 0.03359375 0.02578125
0 0.278125 0.0328125 0.05234375 0.0453125
0 0.44765625 0.3734375 0.05234375 0.04296875
0 0.48828125 0.3953125 0.05390625 0.03984375
0 0.628125 0.22734375 0.04375 0.03671875
0 0.91640625 0.14453125 0.11015625 0.08828125
0 0.55078125 0.3484375 0.04453125 0.03515625
0 0.74296875 0.21015625 0.02734375 0.0234375
0 0.46875 0.0484375 0.05703125 0.0515625
0 0.9609375 0.6390625 0.06484375 0.03984375
0 0.49765625 0.46640625 0.05546875 0.0421875
0 0.89765625 0.59921875 0.05859375 0.03671875
0 0.459375 0.503125 0.05703125 0.0453125
0 0.16484375 0.09140625 0.06015625 0.0453125
0 0.2359375 0.42578125 0.0421875 0.03359375
0 0.46171875 0.33203125 0.05703125 0.04453125
0 0.7140625 0.4953125 0.046875 0.0375
0 0.5953125 0.378125 0.04453125 0.03359375