0 0.97578125 0.75859375 0.0484375 0.0640625
0 0.87109375 0.28046875 0.03359375 0.02265625
0 0.9265625 0.21875 0.034375 0.028125
0 0.43828125 0.42734375 0.04921875 0.0421875
0 0.40703125 0.275 0.04140625 0.028125
0 0.56171875 0.36953125 0.0515625 0.0453125
0 0.39609375 0.48203125 0.03515625 0.03046875
0 0.3734375 0.5359375 0.05625 0.04609375
0 0.43203125 0.25703125 0.0453125 0.0375
0 0.30390625 0.48984375 0.0578125 0.04921875
0 0.84296875 0.1609375 0.03125 0.02265625
0 0.47109375 0.2609375 0.0421875 0.03046875
0 0.75625 0.39296875 0.04296875 0.0375
0 0.34296875 0.29609375 0.0578125 0.0359375
0 0.48671875 0.3125 0.04765625 0.0453125
0 0.55625 0.3125 0.046875 0.03984375