0 0.5953125 0.159375 0.05 0.0453125
0 0.88671875 0.34296875 0.05625 0.040625
0 0.4703125 0.38125 0.0484375 0.04375
0 0.5546875 0.1515625 0.0625 0.0484375
0 0.51171875 0.26796875 0.05625 0.0453125
0 0.2890625 0.53203125 0.059375 0.040625
0 0.67109375 0.1546875 0.046875 0.0375
0 0.5375 0.371875 0.05625 0.040625
0 0.70078125 0.11015625 0.05625 0.040625
0 0.60390625 0.11484375 0.053125 0.046875
0 0.37265625 0.5109375 0.05625 0.04375
0 0.440625 0.48203125 0.05625 0.040625
0 0.7453125 0.52421875 0.053125 0.040625
0 0.3390625 0.4015625 0.0546875 0.040625
0 0.41484375 0.42578125 0.046875 0.0390625
0 0.4625 0.43046875 0.046875 0.0375
0 0.425 0.384375 0.059375 0.04375