0 0.47421875 0.53359375 0.0453125 0.03984375
0 0.90234375 0.38203125 0.03671875 0.02890625
0 0.94375 0.38828125 0.034375 0.0296875
0 0.33125 0.34609375 0.05390625 0.03515625
0 0.41015625 0.38125 0.059375 0.04375
0 0.77109375 0.42890625 0.0234375 0.0203125
0 0.9140625 0.55 0.04140625 0.02421875
0 0.77109375 0.35 0.021875 0.01484375
0 0.4390625 0.55703125 0.04765625 0.03984375
0 0.8625 0.521875 0.02890625 0.01875
0 0.88203125 0.3328125 0.0328125 0.0265625
0 0.965625 0.5875 0.0453125 0.02734375
0 0.909375 0.57265625 0.03671875 0.0234375
0 0.75390625 0.378125 0.021875 0.01953125
0 0.86484375 0.54375 0.02578125 0.01953125