0 0.96015625 0.63359375 0.07421875 0.05078125
0 0.97578125 0.67265625 0.0484375 0.04453125
0 0.3953125 0.35703125 0.08046875 0.06171875
0 0.90078125 0.86796875 0.0453125 0.0390625
0 0.753125 0.19140625 0.05859375 0.04609375
0 0.834375 0.70859375 0.05859375 0.046875
0 0.85390625 0.7765625 0.05234375 0.03828125
0 0.90390625 0.6984375 0.0640625 0.04453125
0 0.73671875 0.32421875 0.053125 0.0421875
0 0.90859375 0.7859375 0.053125 0.04375
0 0.303125 0.6015625 0.08203125 0.06171875
0 0.26875 0.50625 0.07421875 0.05859375
0 0.38515625 0.25234375 0.09609375 0.06171875
0 0.9734375 0.434375 0.03046875 0.02265625