0 0.1171875 0.4546875 0.046875 0.034375
0 0.3890625 0.63515625 0.053125 0.040625
0 0.4078125 0.54609375 0.0734375 0.0515625
0 0.29921875 0.3171875 0.046875 0.0375
0 0.17734375 0.4171875 0.04375 0.034375
0 0.61875 0.6265625 0.053125 0.04375
0 0.34609375 0.3171875 0.046875 0.040625
0 0.91796875 0.5765625 0.040625 0.03125
0 0.36953125 0.67265625 0.0609375 0.0453125
0 0.3671875 0.3703125 0.04375 0.0390625
0 0.721875 0.640625 0.05 0.0453125
0 0.07578125 0.53359375 0.05 0.03125
0 0.1546875 0.5515625 0.046875 0.0375
0 0.10390625 0.5015625 0.0515625 0.040625