0 0.44453125 0.440625 0.06484375 0.0484375
0 0.43203125 0.3765625 0.07734375 0.0546875
0 0.81171875 0.28828125 0.06484375 0.05390625
0 0.4453125 0.5328125 0.06953125 0.04765625
0 0.59453125 0.55703125 0.06015625 0.04921875
0 0.678125 0.49140625 0.053125 0.03671875
0 0.14296875 0.29765625 0.04375 0.04921875
0 0.67890625 0.5796875 0.053125 0.04375
0 0.77421875 0.36875 0.05859375 0.05078125
0 0.27265625 0.31953125 0.06484375 0.05546875
0 0.628125 0.48984375 0.05625 0.0375
0 0.16484375 0.34765625 0.0734375 0.0578125
0 0.3578125 0.36171875 0.08828125 0.059375