0 0.9390625 0.4796875 0.0296875 0.0234375
0 0.1203125 0.0203125 0.040625 0.03671875
0 0.665625 0.21640625 0.03515625 0.02421875
0 0.0765625 0.32109375 0.046875 0.034375
0 0.45390625 0.48828125 0.04375 0.03359375
0 0.82734375 0.2015625 0.02734375 0.021875
0 0.47421875 0.52421875 0.040625 0.03359375
0 0.75234375 0.1296875 0.025 0.02109375
0 0.34765625 0.3828125 0.0359375 0.03125
0 0.7640625 0.51328125 0.021875 0.01875
0 0.859375 0.57890625 0.025 0.01953125
0 0.83046875 0.5140625 0.021875 0.01640625
0 0.8875 0.47890625 0.03046875 0.02265625
0 0.890625 0.40390625 0.02578125 0.02109375
0 0.48125 0.3390625 0.040625 0.03359375
0 0.6015625 0.3875 0.03203125 0.02890625
0 0.79453125 0.1703125 0.02578125 0.01796875
0 0.8359375 0.60703125 0.028125 0.0203125
0 0.84765625 0.18515625 0.03125 0.0234375
0 0.596875 0.2046875 0.03125 0.028125
0 0.95625 0.46328125 0.03125 0.021875
0 0.928125 0.1359375 0.03671875 0.02734375
0 0.66015625 0.2421875 0.03515625 0.02578125
0 0.56015625 0.115625 0.04609375 0.04921875
0 0.90859375 0.3234375 0.03046875 0.02109375
0 0.45703125 0.24765625 0.03203125 0.02734375
0 0.4875 0.453125 0.04609375 0.0390625