0 0.00234375 0.3765625 0.0046875 0.040625
0 0.1890625 0.59765625 0.034375 0.040625
0 0.46640625 0.13046875 0.028125 0.0359375
0 0.46484375 0.3796875 0.0265625 0.034375
0 0.0484375 0.3515625 0.040625 0.0421875
0 0.0125 0.25234375 0.025 0.0453125
0 0.34921875 0.71171875 0.04375 0.05
0 0.0453125 0.48125 0.040625 0.04375
0 0.25859375 0.65703125 0.0359375 0.04375
0 0.5046875 0.403125 0.0328125 0.04375
0 0.3 0.66796875 0.0375 0.05
0 0.53203125 0.46640625 0.0328125 0.046875
0 0.0234375 0.37109375 0.040625 0.04375
0 0.49296875 0.10546875 0.034375 0.04375
0 0.31953125 0.628125 0.0390625 0.05