0 0.61171875 0.021875 0.0203125 0.01875
0 0.47734375 0.16484375 0.03125 0.025
0 0.1171875 0.19296875 0.025 0.01875
0 0.48671875 0.18984375 0.03125 0.028125
0 0.51015625 0.03125 0.01875 0.015625
0 0.70859375 0.31015625 0.025 0.021875
0 0.34921875 0.27890625 0.0328125 0.028125
0 0.559375 0.359375 0.03125 0.028125
0 0.5546875 0.00703125 0.028125 0.0125
0 0.86875 0.53515625 0.059375 0.040625
0 0.48671875 0.11796875 0.03125 0.028125
0 0.5046875 0.0140625 0.028125 0.021875
0 0.5546875 0.3328125 0.0375 0.028125
0 0.2421875 0.4984375 0.03125 0.0234375
0 0.43984375 0.33125 0.04375 0.0359375
0 0.47421875 0.31015625 0.040625 0.0359375
0 0.2140625 0.50078125 0.028125 0.0203125
0 0.52265625 0.3515625 0.0375 0.03125
0 0.534375 0.07421875 0.028125 0.0265625
0 0.55390625 0.05390625 0.03125 0.021875
0 0.3953125 0.45234375 0.0453125 0.03125
0 0.39140625 0.4828125 0.046875 0.034375