0 0.33359375 0.24765625 0.065625 0.0859375
0 0.259375 0.16640625 0.084375 0.109375
0 0.43046875 0.05625 0.0296875 0.04375
0 0.45 0.49375 0.034375 0.05
0 0.0734375 0.515625 0.034375 0.0453125
0 0.03671875 0.47734375 0.03125 0.040625
0 0.61171875 0.0828125 0.0375 0.0578125
0 0.43046875 0.11484375 0.028125 0.0421875
0 0.31875 0.13515625 0.03125 0.046875
0 0.16953125 0.196875 0.096875 0.115625
0 0.40234375 0.4671875 0.046875 0.053125
0 0.47890625 0.5640625 0.05 0.0609375
0 0.35234375 0.5859375 0.034375 0.0421875
0 0.259375 0.73203125 0.025 0.03125
0 0.42890625 0.55625 0.04375 0.059375
0 0.44296875 0.21953125 0.034375 0.0453125
0 0.55703125 0.56328125 0.040625 0.05
0 0.403125 0.23359375 0.0359375 0.0453125
0 0.11171875 0.49453125 0.040625 0.0484375