0 0.75234375 0.31015625 0.0421875 0.0375
0 0.575 0.19453125 0.034375 0.025
0 0.45390625 0.40859375 0.046875 0.0375
0 0.5921875 0.21640625 0.0375 0.034375
0 0.41484375 0.38671875 0.05 0.04375
0 0.45234375 0.44375 0.053125 0.0375
0 0.5828125 0.4546875 0.0515625 0.040625
0 0.45 0.353125 0.053125 0.040625
0 0.23984375 0.25 0.040625 0.0328125
0 0.54609375 0.41328125 0.0546875 0.0375
0 0.81171875 0.4875 0.04375 0.03125
0 0.3734375 0.4921875 0.0578125 0.04375
0 0.375 0.4140625 0.0390625 0.034375
0 0.7140625 0.3765625 0.046875 0.040625