0 0.65859375 0.53828125 0.040625 0.028125
0 0.1625 0.26015625 0.025 0.01875
0 0.3359375 0.49296875 0.06875 0.0546875
0 0.41875 0.4859375 0.053125 0.046875
0 0.17421875 0.58828125 0.034375 0.025
0 0.2984375 0.540625 0.0625 0.0515625
0 0.075 0.2921875 0.025 0.021875
0 0.521875 0.56015625 0.0625 0.046875
0 0.596875 0.48203125 0.0625 0.046875
0 0.00546875 0.10078125 0.009375 0.0421875
0 0.11875 0.47421875 0.04375 0.0328125
0 0.49296875 0.4171875 0.05 0.0453125
0 0.8265625 0.63203125 0.0265625 0.021875
0 0.4515625 0.53671875 0.04375 0.0390625
0 0.94296875 0.6 0.0328125 0.021875
0 0.05546875 0.52421875 0.046875 0.0359375
0 0.43125 0.6171875 0.05 0.040625