0 0.6390625 0.47421875 0.05703125 0.0375
0 0.50625 0.3578125 0.0484375 0.04140625
0 0.5046875 0.4984375 0.040625 0.03671875
0 0.45 0.4484375 0.03828125 0.04375
0 0.596875 0.278125 0.04609375 0.0359375
0 0.7265625 0.496875 0.03515625 0.028125
0 0.5515625 0.56953125 0.04921875 0.040625
0 0.6890625 0.4703125 0.059375 0.0390625
0 0.7046875 0.25703125 0.04921875 0.03828125
0 0.225 0.36171875 0.0453125 0.03203125
0 0.4546875 0.25390625 0.04765625 0.0390625
0 0.6421875 0.2609375 0.0546875 0.040625
0 0.503125 0.30859375 0.05546875 0.0375
0 0.54296875 0.5015625 0.046875 0.040625
0 0.59453125 0.51875 0.0453125 0.0359375
0 0.29609375 0.27265625 0.040625 0.02734375
0 0.103125 0.43515625 0.04375 0.0359375