0 0.475 0.89609375 0.028125 0.0375
0 0.140625 0.31484375 0.0296875 0.034375
0 0.68203125 0.646875 0.021875 0.0296875
0 0.4890625 0.615625 0.034375 0.04375
0 0.07890625 0.9828125 0.025 0.034375
0 0.2234375 0.9859375 0.03125 0.028125
0 0.0703125 0.39453125 0.034375 0.046875
0 0.26328125 0.29140625 0.053125 0.0625
0 0.128125 0.35390625 0.021875 0.03125
0 0.4671875 0.5828125 0.03125 0.0453125
0 0.12265625 0.42734375 0.028125 0.034375
0 0.27734375 0.98828125 0.021875 0.0234375
0 0.02890625 0.76640625 0.0296875 0.034375
0 0.4421875 0.36875 0.025 0.034375
0 0.09765625 0.73984375 0.028125 0.0296875
0 0.61328125 0.515625 0.0234375 0.03125
0 0.2765625 0.2359375 0.0421875 0.053125
0 0.21953125 0.40859375 0.04375 0.046875
0 0.09453125 0.8296875 0.01875 0.0234375
0 0.3109375 0.47421875 0.040625 0.0515625
0 0.46015625 0.79765625 0.025 0.03125
0 0.46171875 0.43046875 0.021875 0.03125
0 0.4046875 0.42109375 0.025 0.0296875
0 0.63046875 0.7453125 0.0265625 0.03125
0 0.04375 0.35078125 0.04375 0.05625
0 0.09375 0.42421875 0.034375 0.0375
0 0.27578125 0.6359375 0.03125 0.046875
0 0.33828125 0.43046875 0.040625 0.05
0 0.6765625 0.546875 0.028125 0.0375
0 0.56171875 0.790625 0.025 0.03125
0 0.265625 0.421875 0.0375 0.0453125
0 0.0234375 0.3890625 0.040625 0.046875
0 0.546875 0.51171875 0.03125 0.0359375
0 0.12578125 0.74140625 0.0296875 0.034375
0 0.415625 0.48671875 0.0234375 0.03125
0 0.45078125 0.6015625 0.0328125 0.040625
0 0.39765625 0.65703125 0.034375 0.040625
0 0.371875 0.6203125 0.0359375 0.040625
0 0.51015625 0.53671875 0.028125 0.0328125
0 0.40390625 0.521875 0.0234375 0.03125
0 0.51640625 0.3609375 0.025 0.03125
0 0.48671875 0.9203125 0.028125 0.034375
0 0.50625 0.80390625 0.025 0.0359375
0 0.490625 0.35546875 0.028125 0.0375