0 0.7125 0.45 0.0546875 0.046875
0 0.35390625 0.2171875 0.02109375 0.01484375
0 0.25625 0.42734375 0.0328125 0.02734375
0 0.15625 0.1015625 0.034375 0.0234375
0 0.34921875 0.53203125 0.0625 0.0421875
0 0.53125 0.25625 0.04140625 0.03359375
0 0.38125 0.3015625 0.05390625 0.04375
0 0.6390625 0.48125 0.0578125 0.046875
0 0.27421875 0.2921875 0.06640625 0.04296875
0 0.13828125 0.38515625 0.06171875 0.04453125
0 0.30078125 0.51953125 0.0609375 0.03828125
0 0.20078125 0.084375 0.0296875 0.02265625
0 0.171875 0.0765625 0.0375 0.02578125
0 0.43984375 0.31796875 0.046875 0.03828125
0 0.35234375 0.25859375 0.0375 0.02578125
0 0.1765625 0.04140625 0.03359375 0.0296875