0 0.23984375 0.25546875 0.0390625 0.0328125
0 0.5703125 0.2828125 0.06015625 0.04921875
0 0.5 0.53828125 0.05390625 0.040625
0 0.31328125 0.1875 0.0609375 0.0515625
0 0.97109375 0.37109375 0.05703125 0.03828125
0 0.778125 0.22890625 0.040625 0.03515625
0 0.74140625 0.2765625 0.0375 0.03046875
0 0.6234375 0.33203125 0.05546875 0.04375
0 0.73125 0.31171875 0.0390625 0.0375
0 0.55 0.51953125 0.05859375 0.04296875
0 0.321875 0.45859375 0.04765625 0.040625
0 0.5578125 0.34453125 0.04609375 0.0421875
0 0.396875 0.3875 0.03515625 0.02890625
0 0.2703125 0.47734375 0.04140625 0.03359375
0 0.5734375 0.62421875 0.04765625 0.0453125