0 0.4515625 0.34453125 0.053125 0.05
0 0.2734375 0.44296875 0.0796875 0.0546875
0 0.1890625 0.4984375 0.059375 0.04375
0 0.39765625 0.53046875 0.0609375 0.0484375
0 0.94375 0.2328125 0.0453125 0.0328125
0 0.984375 0.25234375 0.03125 0.0359375
0 0.2109375 0.43203125 0.071875 0.046875
0 0.653125 0.39453125 0.05625 0.040625
0 0.0296875 0.21015625 0.059375 0.0484375
0 0.7296875 0.3640625 0.065625 0.04375
0 0.025 0.278125 0.05 0.05
0 0.98125 0.19765625 0.0375 0.0375
0 0.24375 0.49296875 0.05625 0.0453125
0 0.97421875 0.16875 0.046875 0.034375
0 0.3109375 0.4875 0.05625 0.05