0 0.20859375 0.1671875 0.040625 0.0359375
0 0.17421875 0.57734375 0.06875 0.046875
0 0.23046875 0.24921875 0.046875 0.0421875
0 0.53359375 0.5546875 0.0359375 0.025
0 0.221875 0.10234375 0.046875 0.03125
0 0.3578125 0.40625 0.053125 0.04375
0 0.9578125 0.096875 0.040625 0.03125
0 0.22421875 0.56015625 0.065625 0.046875
0 0.25390625 0.4765625 0.078125 0.0515625
0 0.203125 0.44375 0.065625 0.046875
0 0.165625 0.5328125 0.0625 0.0453125
0 0.81015625 0.33671875 0.059375 0.04375
0 0.50234375 0.31484375 0.053125 0.0390625
0 0.5703125 0.43359375 0.04375 0.034375