0 0.61796875 0.64140625 0.028125 0.0203125
0 0.38359375 0.1953125 0.028125 0.0234375
0 0.38828125 0.21640625 0.034375 0.025
0 0.88984375 0.46328125 0.065625 0.046875
0 0.9921875 0.5984375 0.015625 0.0546875
0 0.33046875 0.11015625 0.025 0.01875
0 0.38828125 0.24140625 0.03125 0.025
0 0.83671875 0.4515625 0.0546875 0.0421875
0 0.5515625 0.15 0.0453125 0.0359375
0 0.61484375 0.3625 0.0578125 0.0390625
0 0.0640625 0.1296875 0.034375 0.028125
0 0.3265625 0.6 0.0546875 0.040625
0 0.403125 0.3234375 0.065625 0.040625
0 0.41484375 0.24375 0.03125 0.025
0 0.11328125 0.2390625 0.0375 0.0234375
0 0.484375 0.32578125 0.05625 0.046875
0 0.3921875 0.56171875 0.04375 0.0390625
0 0.44140625 0.40859375 0.0453125 0.03125
0 0.88984375 0.83359375 0.028125 0.025
0 0.56484375 0.3671875 0.0484375 0.04375
0 0.26328125 0.17578125 0.03125 0.025
0 0.646875 0.471875 0.040625 0.028125
0 0.32578125 0.19609375 0.0328125 0.0234375
0 0.403125 0.4015625 0.04375 0.03125
0 0.33828125 0.634375 0.0453125 0.0390625
0 0.353125 0.1859375 0.034375 0.021875
0 0.1234375 0.3703125 0.0421875 0.028125
0 0.15703125 0.278125 0.034375 0.028125
0 0.15 0.38828125 0.0359375 0.028125
0 0.3390625 0.2265625 0.034375 0.0234375
0 0.9703125 0.8546875 0.053125 0.0453125