0 0.8421875 0.29765625 0.03125 0.0265625
0 0.68203125 0.5265625 0.05 0.034375
0 0.95390625 0.4203125 0.0296875 0.021875
0 0.74453125 0.30546875 0.053125 0.0359375
0 0.42890625 0.1625 0.0484375 0.04453125
0 0.27890625 0.60234375 0.0515625 0.040625
0 0.24140625 0.55859375 0.0640625 0.0421875
0 0.3609375 0.36484375 0.05234375 0.04609375
0 0.3859375 0.47421875 0.05625 0.0390625
0 0.3171875 0.5671875 0.0515625 0.03828125
0 0.375 0.26640625 0.04296875 0.0421875
0 0.2828125 0.503125 0.0609375 0.04140625
0 0.9828125 0.43046875 0.034375 0.0234375
0 0.271875 0.2109375 0.0375 0.025
0 0.87265625 0.31484375 0.03671875 0.0265625
0 0.25546875 0.1875 0.034375 0.02578125
0 0.60703125 0.2671875 0.03359375 0.03046875
0 0.07890625 0.14296875 0.0421875 0.0328125
0 0.25078125 0.22890625 0.03515625 0.02890625
0 0.54765625 0.1953125 0.034375 0.03125
0 0.584375 0.19609375 0.03515625 0.028125
0 0.2328125 0.20546875 0.034375 0.02578125
0 0.4390625 0.3484375 0.040625 0.03203125
0 0.2015625 0.18125 0.0296875 0.0265625
0 0.53203125 0.33046875 0.04453125 0.034375
0 0.528125 0.26015625 0.0421875 0.03671875
0 0.4828125 0.3125 0.0453125 0.0359375
0 0.3578125 0.52734375 0.03359375 0.02265625
0 0.665625 0.4984375 0.04609375 0.03515625
0 0.3421875 0.24140625 0.0453125 0.03515625