0 0.315625 0.62734375 0.02890625 0.02109375
0 0.50078125 0.4765625 0.03046875 0.01875
0 0.30703125 0.1375 0.03671875 0.028125
0 0.48359375 0.1609375 0.03203125 0.03125
0 0.278125 0.40546875 0.02421875 0.0203125
0 0.36171875 0.390625 0.0265625 0.0234375
0 0.40234375 0.45546875 0.02109375 0.01875
0 0.49140625 0.2265625 0.03515625 0.025
0 0.55859375 0.1171875 0.03671875 0.03359375
0 0.240625 0.41796875 0.02578125 0.01796875
0 0.33046875 0.28984375 0.02734375 0.02421875
0 0.68671875 0.28125 0.040625 0.034375
0 0.32734375 0.3765625 0.02578125 0.01953125
0 0.659375 0.2296875 0.03984375 0.02890625
0 0.4875 0.4578125 0.03046875 0.02421875
0 0.39453125 0.42890625 0.02421875 0.02265625
0 0.3609375 0.33515625 0.03125 0.0234375
0 0.5171875 0.64765625 0.03046875 0.0234375
0 0.3703125 0.621875 0.03125 0.0234375
0 0.33984375 0.52578125 0.034375 0.0234375
0 0.3296875 0.253125 0.03515625 0.025