0 0.26953125 0.3890625 0.034375 0.025
0 0.0546875 0.0171875 0.04140625 0.03359375
0 0.88359375 0.2703125 0.05859375 0.0421875
0 0.2828125 0.1828125 0.04140625 0.0359375
0 0.8109375 0.54375 0.040625 0.03515625
0 0.0125 0.01796875 0.025 0.03359375
0 0.12578125 0.44453125 0.03203125 0.02421875
0 0.38671875 0.26640625 0.03515625 0.02734375
0 0.6265625 0.21171875 0.04375 0.03671875
0 0.409375 0.05625 0.0390625 0.03828125
0 0.35859375 0.0421875 0.03671875 0.03359375
0 0.3703125 0.61796875 0.03671875 0.03046875
0 0.9125 0.4921875 0.0453125 0.0453125
0 0.33359375 0.0140625 0.0359375 0.028125
0 0.1265625 0.48359375 0.03359375 0.025
0 0.3671875 0.08828125 0.03671875 0.0359375
0 0.734375 0.37265625 0.04296875 0.03359375
0 0.3015625 0.47109375 0.03671875 0.02578125
0 0.6265625 0.11015625 0.05390625 0.04609375
0 0.159375 0.4984375 0.0375 0.0265625
0 0.10625 0.1875 0.0421875 0.03203125
0 0.15625 0.17265625 0.0453125 0.0375
0 0.36875 0.015625 0.03671875 0.02890625
0 0.74140625 0.47265625 0.0453125 0.0359375
0 0.12421875 0.409375 0.03515625 0.0234375
0 0.1875 0.18984375 0.0390625 0.03203125
0 0.22421875 0.09296875 0.04765625 0.0359375
0 0.928125 0.45625 0.05703125 0.0421875
0 0.390625 0.46640625 0.04921875 0.04140625
0 0.86015625 0.521875 0.06875 0.04453125
0 0.103125 0.3265625 0.0359375 0.02578125
0 0.6765625 0.4921875 0.03671875 0.02734375
0 0.3015625 0.23125 0.05078125 0.03671875
0 0.32890625 0.0890625 0.0421875 0.0359375
0 0.19765625 0.13984375 0.040625 0.03515625
0 0.096875 0.36015625 0.034375 0.028125
0 0.2515625 0.15234375 0.0453125 0.03984375
0 0.2953125 0.49921875 0.03984375 0.0296875
0 0.40703125 0.62265625 0.04765625 0.03203125
0 0.159375 0.44140625 0.03671875 0.0234375
0 0.3765625 0.58984375 0.04453125 0.03046875
0 0.76328125 0.396875 0.04453125 0.03359375
0 0.42265625 0.5 0.0453125 0.03984375
0 0.3453125 0.16015625 0.046875 0.0375
0 0.67734375 0.46640625 0.0390625 0.0265625
0 0.384375 0.55625 0.04375 0.0359375
0 0.71171875 0.52265625 0.0453125 0.03203125