0 0.6015625 0.21015625 0.04609375 0.0421875
0 0.875 0.3828125 0.05390625 0.0375
0 0.484375 0.41953125 0.0453125 0.03984375
0 0.56328125 0.20390625 0.059375 0.0453125
0 0.85234375 0.03125 0.03515625 0.02734375
0 0.5234375 0.3125 0.05234375 0.04296875
0 0.3140625 0.56015625 0.05625 0.03828125
0 0.67265625 0.20625 0.04453125 0.0359375
0 0.54765625 0.41015625 0.053125 0.03828125
0 0.70078125 0.16484375 0.0515625 0.0390625
0 0.609375 0.16875 0.04921875 0.04296875
0 0.39296875 0.540625 0.05234375 0.040625
0 0.45703125 0.5140625 0.053125 0.03828125
0 0.7421875 0.553125 0.05078125 0.0390625
0 0.3609375 0.4375 0.0515625 0.03828125
0 0.4328125 0.46015625 0.0453125 0.03671875
0 0.47734375 0.46484375 0.04453125 0.034375
0 0.4421875 0.421875 0.05625 0.03984375