0 0.54140625 0.1984375 0.034375 0.025
0 0.925 0.1078125 0.028125 0.0203125
0 0.384375 0.66328125 0.04375 0.028125
0 0.54375 0.5125 0.040625 0.03125
0 0.99609375 0.40078125 0.00625 0.021875
0 0.765625 0.00546875 0.0375 0.0109375
0 0.7203125 0.128125 0.0390625 0.03125
0 0.2375 0.465625 0.034375 0.025
0 0.9625 0.0546875 0.028125 0.01875
0 0.16015625 0.53984375 0.0390625 0.03125
0 0.5875 0.5515625 0.0453125 0.028125
0 0.11953125 0.5265625 0.04375 0.0328125
0 0.10078125 0.1984375 0.034375 0.025
0 0.0296875 0.42890625 0.0390625 0.028125
0 0.26875 0.375 0.034375 0.0296875
0 0.6453125 0.1234375 0.03125 0.025
0 0.0109375 0.24140625 0.021875 0.0265625
0 0.50078125 0.621875 0.040625 0.03125
0 0.559375 0.57734375 0.040625 0.028125
0 0.5734375 0.52421875 0.0375 0.028125
0 0.6375 0.0625 0.0421875 0.0375
0 0.984375 0.0390625 0.03125 0.021875
0 0.73515625 0.58984375 0.0375 0.0265625
0 0.0078125 0.57421875 0.015625 0.0265625
0 0.52734375 0.14140625 0.0375 0.03125
0 0.6828125 0.45078125 0.0421875 0.0328125
0 0.26484375 0.20703125 0.034375 0.025
0 0.1859375 0.4890625 0.040625 0.03125
0 0.35234375 0.2984375 0.034375 0.03125
0 0.46015625 0.61953125 0.04375 0.03125
0 0.2703125 0.46953125 0.0375 0.028125
0 0.203125 0.6359375 0.040625 0.028125
0 0.4265625 0.1234375 0.046875 0.040625
0 0.3296875 0.19921875 0.03125 0.0265625
0 0.94296875 0.071875 0.025 0.0203125
0 0.42421875 0.65625 0.0390625 0.028125
0 0.02578125 0.5328125 0.034375 0.028125
0 0.7046875 0.25234375 0.040625 0.03125
0 0.26640625 0.3359375 0.0390625 0.028125
0 0.16328125 0.59921875 0.0375 0.03125
0 0.23203125 0.340625 0.040625 0.028125
0 0.3703125 0.55703125 0.0375 0.028125
0 0.19140625 0.4015625 0.0390625 0.03125
0 0.68203125 0.0296875 0.046875 0.034375