0 0.42109375 0.81796875 0.028125 0.040625
0 0.284375 0.11328125 0.0484375 0.0671875
0 0.184375 0.80234375 0.040625 0.0484375
0 0.5984375 0.19609375 0.040625 0.046875
0 0.484375 0.98203125 0.028125 0.0359375
0 0.2796875 0.6828125 0.03125 0.040625
0 0.2171875 0.4078125 0.0421875 0.05
0 0.03828125 0.65703125 0.04375 0.04375
0 0.0234375 0.715625 0.0390625 0.040625
0 0.68359375 0.7015625 0.034375 0.0421875
0 0.5390625 0.0796875 0.053125 0.053125
0 0.00390625 0.74296875 0.00625 0.0421875
0 0.528125 0.98125 0.028125 0.0375
0 0.07578125 0.70546875 0.040625 0.0421875
0 0.40234375 0.284375 0.0390625 0.05
0 0.51484375 0.78046875 0.0296875 0.0421875
0 0.10078125 0.4078125 0.053125 0.0625
0 0.54609375 0.94375 0.03125 0.04375
0 0.18828125 0.990625 0.0359375 0.01875
0 0.17265625 0.94765625 0.04375 0.053125
0 0.0046875 0.703125 0.009375 0.040625
0 0.5171875 0.2765625 0.040625 0.053125
0 0.44453125 0.98203125 0.0265625 0.0359375
0 0.19296875 0.91171875 0.0375 0.0453125
0 0.08125 0.86875 0.040625 0.0546875
0 0.4984375 0.0625 0.0484375 0.065625
0 0.51015625 0.67890625 0.046875 0.05625
0 0.57265625 0.13984375 0.0515625 0.078125
0 0.34921875 0.99375 0.0296875 0.0125
0 0.5390625 0.35 0.03125 0.0421875
0 0.23984375 0.78125 0.0421875 0.0578125
0 0.0765625 0.74921875 0.040625 0.0484375
0 0.134375 0.9 0.040625 0.046875
0 0.14921875 0.83828125 0.046875 0.0515625
0 0.546875 0.78828125 0.034375 0.0453125
0 0.6890625 0.659375 0.0375 0.053125
0 0.48046875 0.94453125 0.028125 0.040625
0 0.65078125 0.6953125 0.034375 0.05
0 0.43046875 0.2515625 0.0375 0.05
0 0.54765625 0.6421875 0.0453125 0.053125
0 0.15859375 0.73046875 0.04375 0.053125
0 0.509375 0.35 0.03125 0.0453125
0 0.6125 0.6859375 0.040625 0.05
0 0.57421875 0.31015625 0.0375 0.053125