0 0.2515625 0.45 0.040625 0.05
0 0.3890625 0.646875 0.034375 0.0453125
0 0.3328125 0.775 0.0328125 0.04375
0 0.85703125 0.19765625 0.028125 0.040625
0 0.26171875 0.28515625 0.040625 0.0578125
0 0.31796875 0.2890625 0.0453125 0.0578125
0 0.60390625 0.55703125 0.0390625 0.046875
0 0.57265625 0.63984375 0.0375 0.05625
0 0.296875 0.43125 0.040625 0.059375
0 0.11875 0.37734375 0.0453125 0.0453125
0 0.5375 0.621875 0.040625 0.0578125
0 0.0125 0.06171875 0.025 0.04375
0 0.25390625 0.92109375 0.021875 0.034375
0 0.07734375 0.37421875 0.0390625 0.04375
0 0.528125 0.5203125 0.0375 0.04375
0 0.5671875 0.47265625 0.046875 0.05
0 0.48671875 0.10078125 0.034375 0.05
0 0.190625 0.99296875 0.0203125 0.0140625
0 0.3265625 0.86796875 0.028125 0.034375
0 0.47890625 0.60625 0.0390625 0.05
0 0.50703125 0.58828125 0.0375 0.05