0 0.14921875 0.0984375 0.0640625 0.046875
0 0.61875 0.03828125 0.0546875 0.0453125
0 0.5359375 0.35 0.04375 0.034375
0 0.93515625 0.6375 0.0625 0.0390625
0 0.47421875 0.3984375 0.053125 0.03984375
0 0.26328125 0.03984375 0.0546875 0.04609375
0 0.875 0.5984375 0.05625 0.03671875
0 0.6140625 0.2296875 0.0421875 0.03671875
0 0.43515625 0.37734375 0.05390625 0.04140625
0 0.4453125 0.05625 0.0546875 0.05078125
0 0.4484375 0.3359375 0.05859375 0.04453125
0 0.8578125 0.15546875 0.09921875 0.084375
0 0.44921875 0.50546875 0.05546875 0.04453125
0 0.48671875 0.46875 0.05546875 0.0421875
0 0.2296875 0.425 0.040625 0.03359375
0 0.7328125 0.2109375 0.02734375 0.0234375
0 0.69453125 0.4953125 0.046875 0.0375
0 0.58046875 0.37890625 0.04453125 0.0328125