0 0.74921875 0.3125 0.04140625 0.03828125
0 0.571875 0.19765625 0.034375 0.025
0 0.45234375 0.4109375 0.04765625 0.0375
0 0.58984375 0.21953125 0.03671875 0.034375
0 0.4140625 0.3890625 0.04921875 0.04375
0 0.45078125 0.4453125 0.053125 0.03671875
0 0.58046875 0.45625 0.05078125 0.03984375
0 0.4484375 0.35546875 0.053125 0.03984375
0 0.23984375 0.253125 0.0390625 0.0328125
0 0.54375 0.415625 0.05390625 0.0375
0 0.8078125 0.4890625 0.04453125 0.03125
0 0.371875 0.49375 0.0578125 0.04453125
0 0.3734375 0.415625 0.0390625 0.03359375
0 0.7109375 0.37890625 0.0453125 0.03984375