0 0.590625 0.27421875 0.05859375 0.04375
0 0.6671875 0.24453125 0.06015625 0.04140625
0 0.6765625 0.1953125 0.0578125 0.0375
0 0.5921875 0.47578125 0.04140625 0.03203125
0 0.75546875 0.45 0.04140625 0.0375
0 0.53359375 0.3265625 0.05234375 0.04375
0 0.4921875 0.35703125 0.0515625 0.0359375
0 0.50390625 0.415625 0.0578125 0.04375
0 0.540625 0.55703125 0.0703125 0.04765625
0 0.97578125 0.46640625 0.0484375 0.0359375
0 0.82890625 0.49765625 0.0375 0.03046875
0 0.7296875 0.3890625 0.04453125 0.03671875
0 0.821875 0.5328125 0.04296875 0.03359375