0 0.15859375 0.2703125 0.1015625 0.0765625
0 0.38671875 0.45234375 0.0625 0.0421875
0 0.38515625 0.33046875 0.06015625 0.04453125
0 0.1375 0.134375 0.040625 0.03515625
0 0.56015625 0.34921875 0.08984375 0.053125
0 0.615625 0.39453125 0.0796875 0.05625
0 0.36875 0.1296875 0.05625 0.05
0 0.4453125 0.4765625 0.06015625 0.0484375
0 0.29375 0.225 0.0796875 0.0578125
0 0.3 0.45 0.05234375 0.04375
0 0.3671875 0.52421875 0.06015625 0.04921875
0 0.29453125 0.5671875 0.06015625 0.04609375
0 0.2609375 0.346875 0.090625 0.065625
0 0.5125 0.46640625 0.0453125 0.040625