0 0.540625 0.42109375 0.046875 0.034375
0 0.46015625 0.359375 0.06171875 0.0453125
0 0.33046875 0.18984375 0.040625 0.03515625
0 0.29296875 0.24921875 0.03984375 0.03046875
0 0.44375 0.23828125 0.05 0.04609375
0 0.58046875 0.59140625 0.05703125 0.04375
0 0.5 0.04453125 0.0421875 0.04375
0 0.5109375 0.1625 0.0390625 0.03359375
0 0.53125 0.4546875 0.05546875 0.04375
0 0.25390625 0.284375 0.03828125 0.03203125
0 0.51171875 0.33671875 0.0625 0.04296875
0 0.36171875 0.3109375 0.05 0.04296875
0 0.546875 0.55703125 0.06171875 0.0421875
0 0.49375 0.0875 0.040625 0.03515625