0 0.440625 0.5484375 0.040625 0.028125
0 0.4578125 0.05859375 0.03125 0.028125
0 0.134375 0.3703125 0.0484375 0.0375
0 0.8109375 0.3609375 0.0453125 0.03125
0 0.43203125 0.52578125 0.034375 0.0296875
0 0.575 0.30546875 0.0578125 0.0390625
0 0.6421875 0.415625 0.053125 0.0359375
0 0.40234375 0.40625 0.0359375 0.028125
0 0.23984375 0.403125 0.075 0.0515625
0 0.40234375 0.440625 0.053125 0.040625
0 0.75390625 0.278125 0.04375 0.03125
0 0.51875 0.478125 0.0421875 0.028125
0 0.67421875 0.3203125 0.053125 0.040625
0 0.53984375 0.3734375 0.0484375 0.0359375
0 0.45390625 0.41875 0.0515625 0.04375
0 0.76875 0.31328125 0.053125 0.040625