0 0.4375 0.48828125 0.05390625 0.04140625
0 0.3046875 0.1625 0.05703125 0.04921875
0 0.1953125 0.1234375 0.06484375 0.05703125
0 0.13515625 0.21640625 0.04765625 0.04453125
0 0.39375 0.4046875 0.05390625 0.04453125
0 0.46796875 0.453125 0.06875 0.04765625
0 0.284375 0.1203125 0.0625 0.046875
0 0.62421875 0.4859375 0.06484375 0.046875
0 0.40859375 0.27578125 0.07890625 0.0515625
0 0.40859375 0.446875 0.05625 0.04609375
0 0.36015625 0.465625 0.06015625 0.05078125
0 0.753125 0.4109375 0.05390625 0.04375