0 0.14921875 0.053125 0.103125 0.0765625
0 0.1625 0.01953125 0.1171875 0.0390625
0 0.05546875 0.0765625 0.1109375 0.090625
0 0.02578125 0.36015625 0.0515625 0.0890625
0 0.02265625 0.4265625 0.0453125 0.0546875
0 0.0734375 0.4109375 0.0828125 0.0625
0 0.45 0.3265625 0.115625 0.0703125
0 0.5109375 0.3609375 0.09375 0.0828125
0 0.4140625 0.440625 0.1640625 0.1171875
0 0.5421875 0.553125 0.121875 0.1140625
0 0.53359375 0.79296875 0.1203125 0.109375
0 0.0671875 0.86875 0.0546875 0.0359375
0 0.94609375 0.97265625 0.10625 0.0546875
0 0.5890625 0.43671875 0.03125 0.0234375
0 0.61328125 0.4390625 0.0359375 0.025
0 0.5609375 0.45078125 0.040625 0.040625
0 0.63828125 0.47734375 0.0359375 0.0234375