0 0.11796875 0.02734375 0.109375 0.0546875
0 0.0390625 0.04375 0.078125 0.0875
0 0.0078125 0.34140625 0.015625 0.09375
0 0.040625 0.3953125 0.08125 0.065625
0 0.43828125 0.30546875 0.121875 0.075
0 0.503125 0.3421875 0.1 0.0875
0 0.4 0.4265625 0.175 0.125
0 0.53671875 0.546875 0.1296875 0.121875
0 0.52734375 0.8015625 0.128125 0.115625
0 0.03125 0.88203125 0.0578125 0.0375
0 0.95390625 0.98125 0.0921875 0.0375
0 0.58671875 0.42265625 0.034375 0.025
0 0.6125 0.425 0.0375 0.0265625
0 0.55625 0.4375 0.04375 0.04375
0 0.6390625 0.465625 0.0375 0.025