0 0.2203125 0.2265625 0.12734375 0.1015625
0 0.3296875 0.1953125 0.10625 0.075
0 0.1796875 0.496875 0.07734375 0.08046875
0 0.6375 0.45625 0.10859375 0.065625
0 0.7109375 0.50234375 0.09453125 0.0859375
0 0.5734375 0.6109375 0.0953125 0.06875
0 0.34609375 0.14140625 0.08828125 0.07578125
0 0.1640625 0.546875 0.06796875 0.04375
0 0.22265625 0.52109375 0.065625 0.04765625
0 0.66328125 0.64296875 0.1828125 0.12578125
0 0.815625 0.76953125 0.1421875 0.1359375
0 0.7734375 0.9640625 0.13671875 0.071875