0 0.4150390625 0.4921875 0.4375 0.5013020828125 
0 0.439453125 0.4752604171875 0.419921875 0.42578125 
0 0.3974609375 0.3984375 0.3681640625 0.3828125 
0 0.3564453125 0.3828125 0.353515625 0.3919270828125 
0 0.373046875 0.4466145828125 0.4150390625 0.4921875
0 0.2119140625 0.421875 0.177734375 0.4700520828125 
0 0.173828125 0.48828125 0.1796875 0.48828125 
0 0.2177734375 0.4713541671875 0.2470703125 0.4661458328125
0 0.3505859375 0.4713541671875 0.357421875 0.4622395828125
0 0.357421875 0.4518229171875 0.2900390625 0.3802083328125
0 0.2490234375 0.3958333328125 0.2119140625 0.421875
0 0.2763671875 0.5442708328125 0.1640625 0.566406250 
0 0.17578125 0.59765625 0.2041015625 0.6302083328125 
0 0.2470703125 0.6536458328125 0.271484375 0.6549479171875 
0 0.3076171875 0.6223958328125 0.3447265625 0.5989583328125
0 0.4111328125 0.5755208328125 0.423828125 0.5403645828125
0 0.423828125 0.52734375 0.4052734375 0.5104166671875 
0 0.3759765625 0.5026041671875 0.2763671875 0.5442708328125
0 0.5478515625 0.4479166671875 0.4990234375 0.453125 
0 0.4677734375 0.4765625 0.42578125 0.53515625 
0 0.4140625 0.5794270828125 0.41796875 0.6315104171875
0 0.43359375 0.6783854171875 0.4697265625 0.7265625 
0 0.5283203125 0.7630208328125 0.568359375 0.7669270828125 
0 0.6181640625 0.7552083328125 0.658203125 0.7174479171875 
0 0.673828125 0.6705729171875 0.67578125 0.6341145828125
0 0.669921875 0.5924479171875 0.640625 0.5221354171875 
0 0.5927734375 0.46875 0.5478515625 0.4479166671875