0 0.43125 0.071875 0.2328125 0.14375
0 0.634375 0.07421875 0.203125 0.1328125
0 0.81328125 0.1484375 0.0875 0.0625
0 0.8671875 0.20390625 0.096875 0.09375
0 0.94375 0.3046875 0.071875 0.071875
0 0.47578125 0.63984375 0.109375 0.1125
0 0.5984375 0.62265625 0.125 0.1125
0 0.58515625 0.5375 0.11875 0.103125
0 0.84375 0.43359375 0.0765625 0.08125
0 0.53515625 0.74609375 0.096875 0.0890625
0 0.79296875 0.8 0.096875 0.084375
0 0.75078125 0.83984375 0.103125 0.084375
0 0.8265625 0.50546875 0.090625 0.0578125
0 0.409375 0.49609375 0.0625 0.04375