0 0.38125 0.19765625 0.2 0.1296875
0 0.55625 0.203125 0.175 0.1140625
0 0.71015625 0.26640625 0.075 0.053125
0 0.75625 0.3140625 0.0828125 0.0796875
0 0.90390625 0.22421875 0.0828125 0.0609375
0 0.821875 0.40078125 0.0609375 0.0625
0 0.41953125 0.6890625 0.09375 0.096875
0 0.525 0.67421875 0.1078125 0.096875
0 0.5140625 0.60078125 0.1015625 0.0890625
0 0.7359375 0.51171875 0.065625 0.0703125
0 0.47109375 0.78046875 0.0828125 0.0765625
0 0.6921875 0.8265625 0.0828125 0.071875
0 0.65625 0.8609375 0.0890625 0.071875
0 0.72109375 0.5734375 0.078125 0.05
0 0.3625 0.565625 0.053125 0.0375