0 0.4046875 0.16796875 0.23125 0.15
0 0.60625 0.17421875 0.2015625 0.13125
0 0.78359375 0.24765625 0.0875 0.0609375
0 0.83671875 0.30234375 0.0953125 0.090625
0 0.97890625 0.19765625 0.0421875 0.0703125
0 0.91171875 0.40234375 0.0703125 0.071875
0 0.4484375 0.73359375 0.1078125 0.1125
0 0.5703125 0.71640625 0.125 0.1125
0 0.5578125 0.63203125 0.1171875 0.103125
0 0.81328125 0.5296875 0.075 0.08125
0 0.5078125 0.8390625 0.0953125 0.0875
0 0.7625 0.8921875 0.0953125 0.0828125
0 0.72109375 0.93203125 0.103125 0.0828125
0 0.79609375 0.60078125 0.090625 0.0578125
0 0.3828125 0.59140625 0.0609375 0.04375