0 0.35859375 0.2828125 0.134375 0.165625
0 0.96484375 0.31875 0.0703125 0.084375
0 0.9203125 0.346875 0.1046875 0.084375
0 0.46953125 0.3828125 0.125 0.146875
0 0.3015625 0.46796875 0.1375 0.15
0 0.29453125 0.6421875 0.203125 0.140625
0 0.521875 0.63046875 0.1375 0.140625
0 0.65078125 0.6046875 0.125 0.121875
0 0.25234375 0.30390625 0.115625 0.1421875
0 0.3796875 0.7546875 0.134375 0.1375
0 0.44609375 0.8109375 0.13125 0.1484375
0 0.5609375 0.85390625 0.1078125 0.134375
0 0.90703125 0.9359375 0.103125 0.1265625
0 0.77578125 0.51484375 0.0875 0.065625
0 0.7359375 0.61171875 0.1171875 0.1
0 0.7578125 0.175 0.11875 0.109375
0 0.5578125 0.3375 0.071875 0.0984375
0 0.47890625 0.29140625 0.0953125 0.115625