0 0.646875 0.69140625 0.24375 0.3421875
0 0.53828125 0.37890625 0.1875 0.2671875
0 0.6984375 0.15625 0.184375 0.3125
0 0.875 0.3875 0.203125 0.28125
0 0.846875 0.7703125 0.15625 0.4
0 0.678125 0.89921875 0.25 0.2015625
0 0.4796875 0.79921875 0.240625 0.2703125
0 0.23359375 0.58125 0.1921875 0.20625
0 0.16328125 0.2546875 0.1359375 0.2015625
0 0.31328125 0.26875 0.165625 0.303125
0 0.4125 0.43828125 0.16875 0.309375
0 0.49375 0.2 0.228125 0.284375
0 0.3765625 0.08359375 0.2015625 0.1671875
0 0.34609375 0.78671875 0.096875 0.2765625