0 0.52265625 0.20234375 0.1640625 0.12578125
0 0.778125 0.228125 0.14765625 0.13203125
0 0.65390625 0.29765625 0.16171875 0.103125
0 0.72890625 0.4140625 0.1703125 0.134375
0 0.91796875 0.47578125 0.1296875 0.1125
0 0.4328125 0.2828125 0.16796875 0.10625
0 0.48671875 0.48828125 0.11875 0.12265625
0 0.5 0.62265625 0.190625 0.12109375
0 0.16171875 0.82109375 0.13203125 0.11796875
0 0.22890625 0.93125 0.19296875 0.12890625
0 0.2109375 0.52421875 0.128125 0.1
0 0.37890625 0.5296875 0.1234375 0.1140625