0 0.3734375 0.20625 0.12265625 0.1640625
0 0.48984375 0.16171875 0.1109375 0.13984375
0 0.6015625 0.20859375 0.109375 0.1546875
0 0.69765625 0.19609375 0.0671875 0.18359375
0 0.7546875 0.34453125 0.08671875 0.1640625
0 0.8015625 0.4828125 0.08515625 0.1765625
0 0.7875 0.65078125 0.1 0.14453125
0 0.7390625 0.77578125 0.140625 0.10078125
0 0.60859375 0.8578125 0.12265625 0.10546875
0 0.48515625 0.87890625 0.109375 0.1375
0 0.35546875 0.8171875 0.109375 0.13515625
0 0.2921875 0.66875 0.09453125 0.159375
0 0.27578125 0.5 0.08359375 0.15234375
0 0.32734375 0.37734375 0.12421875 0.14453125
0 0.53828125 0.521875 0.146875 0.15234375