0 0.3546875 0.28515625 0.13046875 0.16015625
0 0.95546875 0.3203125 0.0890625 0.08125
0 0.90078125 0.346875 0.1015625 0.08203125
0 0.46171875 0.3828125 0.12265625 0.14375
0 0.29921875 0.465625 0.134375 0.1453125
0 0.29140625 0.63515625 0.19765625 0.1375
0 0.51328125 0.62421875 0.134375 0.1359375
0 0.6390625 0.59921875 0.12109375 0.11796875
0 0.25078125 0.30546875 0.1125 0.1390625
0 0.37421875 0.7453125 0.13046875 0.13203125
0 0.43984375 0.8 0.12734375 0.14375
0 0.55078125 0.84140625 0.1046875 0.12890625
0 0.88828125 0.921875 0.1 0.12265625
0 0.7609375 0.5109375 0.08671875 0.065625
0 0.721875 0.60546875 0.1140625 0.09765625
0 0.74296875 0.1796875 0.115625 0.10625
0 0.5484375 0.33828125 0.0703125 0.09609375
0 0.47109375 0.29375 0.09296875 0.1125