0 0.4640625 0.4953125 0.1375 0.1890625
0 0.43671875 0.09921875 0.1421875 0.19765625
0 0.3359375 0.73125 0.121875 0.2453125
0 0.51640625 0.7828125 0.121875 0.1890625
0 0.6890625 0.5703125 0.11171875 0.22734375
0 0.88984375 0.6453125 0.0953125 0.23671875
0 0.7609375 0.17734375 0.1328125 0.1671875
0 0.7625 0.36953125 0.15703125 0.1796875
0 0.34375 0.296875 0.11328125 0.16171875
0 0.72421875 0.796875 0.13125 0.1859375
0 0.8828125 0.8421875 0.13984375 0.1640625
0 0.55859375 0.34765625 0.09140625 0.209375
0 0.2203125 0.1953125 0.12265625 0.17109375
0 0.3390625 0.51171875 0.15703125 0.1796875
0 0.25390625 0.65859375 0.1234375 0.2171875