0 0.25703125 0.6828125 0.053125 0.0859375
0 0.215625 0.81015625 0.0703125 0.06015625
0 0.3046875 0.6578125 0.0609375 0.071875
0 0.26640625 0.78515625 0.059375 0.071875
0 0.25234375 0.9046875 0.0609375 0.07890625
0 0.3671875 0.85546875 0.06171875 0.065625
0 0.3828125 0.76953125 0.0609375 0.0984375
0 0.35234375 0.7046875 0.053125 0.09296875
0 0.30703125 0.73125 0.06328125 0.07578125
0 0.28828125 0.8375 0.05546875 0.065625
0 0.31796875 0.89765625 0.05546875 0.0859375
0 0.2234375 0.7328125 0.05 0.0609375