0 0.4640625 0.35546875 0.08125 0.1125
0 0.44453125 0.4734375 0.0890625 0.121875
0 0.56640625 0.42265625 0.1125 0.096875
0 0.6359375 0.56875 0.09375 0.165625
0 0.4515625 0.5796875 0.1046875 0.115625
0 0.5671875 0.64765625 0.1 0.153125
0 0.5484375 0.75859375 0.090625 0.090625
0 0.3765625 0.5546875 0.0875 0.1515625
0 0.57109375 0.5484375 0.08125 0.103125
0 0.51953125 0.51640625 0.11875 0.1109375
0 0.6453125 0.3578125 0.103125 0.13125
0 0.6625 0.484375 0.1 0.121875
0 0.5765625 0.34375 0.0875 0.1125
0 0.5109375 0.3671875 0.046875 0.1375