0 0.37890625 0.50625 0.084375 0.15
0 0.41015625 0.30546875 0.096875 0.175
0 0.62734375 0.31328125 0.1078125 0.15
0 0.49453125 0.0828125 0.103125 0.153125
0 0.3171875 0.07421875 0.103125 0.1375
0 0.30703125 0.253125 0.0984375 0.1484375
0 0.36484375 0.73359375 0.1171875 0.1265625
0 0.553125 0.5484375 0.10625 0.153125
0 0.66171875 0.4828125 0.0875 0.153125
0 0.825 0.340625 0.0953125 0.153125
0 0.721875 0.175 0.08125 0.178125
0 0.109375 0.50078125 0.109375 0.128125
0 0.10078125 0.66015625 0.0875 0.15
0 0.3046875 0.5828125 0.08125 0.140625
0 0.55703125 0.70703125 0.096875 0.125
0 0.384375 0.90703125 0.09375 0.115625
0 0.7 0.71171875 0.115625 0.134375
0 0.85703125 0.56875 0.09375 0.165625
0 0.8578125 0.9171875 0.10625 0.140625
0 0.971875 0.36484375 0.05625 0.14375
0 0.9296875 0.20078125 0.084375 0.1234375
0 0.828125 0.05390625 0.10625 0.1078125