0 0.2125 0.603125 0.178125 0.13125
0 0.165625 0.4765625 0.15 0.11875
0 0.21640625 0.3578125 0.1671875 0.11875
0 0.203125 0.2546875 0.196875 0.071875
0 0.36171875 0.19296875 0.178125 0.09375
0 0.5109375 0.14296875 0.190625 0.090625
0 0.690625 0.1578125 0.15625 0.10625
0 0.825 0.209375 0.1078125 0.15
0 0.9125 0.35 0.1125 0.13125
0 0.9296875 0.48359375 0.140625 0.1171875
0 0.8703125 0.621875 0.14375 0.11875
0 0.71015625 0.68984375 0.1703125 0.1015625
0 0.52890625 0.70703125 0.1625 0.0890625
0 0.396875 0.6515625 0.15625 0.134375
0 0.55234375 0.42578125 0.1625 0.1578125