0 0.3609375 0.521875 0.146875 0.0828125
0 0.3484375 0.43984375 0.1265625 0.08125
0 0.48515625 0.4078125 0.1125 0.09375
0 0.7953125 0.36875 0.1484375 0.0875
0 0.52421875 0.24375 0.134375 0.096875
0 0.4640625 0.14765625 0.15 0.1046875
0 0.5484375 0.71953125 0.1421875 0.0921875
0 0.35234375 0.6796875 0.153125 0.096875
0 0.796875 0.67109375 0.121875 0.1140625
0 0.55859375 0.48515625 0.1171875 0.0984375
0 0.109375 0.44140625 0.1125 0.1140625
0 0.075 0.6921875 0.1375 0.0765625
0 0.31484375 0.35 0.1484375 0.08125
0 0.74921875 0.1875 0.1234375 0.103125
0 0.871875 0.14453125 0.125 0.0765625
0 0.70625 0.51015625 0.128125 0.09375
0 0.92109375 0.42109375 0.1578125 0.075
0 0.91015625 0.30234375 0.153125 0.084375