0 0.51015625 0.35546875 0.1015625 0.1046875
0 0.56953125 0.5125 0.1 0.125
0 0.3875 0.23203125 0.090625 0.1515625
0 0.55078125 0.24609375 0.0875 0.15625
0 0.20546875 0.33984375 0.0921875 0.096875
0 0.3578125 0.35546875 0.075 0.115625
0 0.1859375 0.153125 0.1125 0.1265625
0 0.7390625 0.303125 0.0609375 0.1484375
0 0.89296875 0.35625 0.078125 0.140625
0 0.6546875 0.58671875 0.103125 0.1234375
0 0.51640625 0.16171875 0.125 0.109375
0 0.46796875 0.525 0.11875 0.1453125
0 0.36015625 0.48515625 0.109375 0.153125