0 0.49765625 0.7671875 0.08203125 0.13203125
0 0.50078125 0.89375 0.121875 0.12109375
0 0.38359375 0.87265625 0.11875 0.13203125
0 0.27265625 0.83515625 0.1078125 0.14375
0 0.60390625 0.9265625 0.1296875 0.1265625
0 0.68984375 0.859375 0.0984375 0.12734375
0 0.5921875 0.7234375 0.125 0.13046875
0 0.58203125 0.81171875 0.109375 0.0890625
0 0.784375 0.73515625 0.06796875 0.153125
0 0.6953125 0.740625 0.115625 0.14296875
0 0.70390625 0.64921875 0.12578125 0.12109375
0 0.79296875 0.62578125 0.1015625 0.1046875
0 0.71015625 0.5375 0.0859375 0.11640625
0 0.7921875 0.53203125 0.07734375 0.1234375
0 0.75390625 0.4234375 0.1015625 0.14140625
0 0.678125 0.4421875 0.065625 0.1078125
0 0.33828125 0.734375 0.07734375 0.1578125
0 0.42109375 0.7578125 0.08359375 0.14296875
0 0.39375 0.6515625 0.103125 0.1484375
0 0.2328125 0.61171875 0.08125 0.16171875
0 0.30859375 0.60078125 0.07265625 0.121875
0 0.353125 0.49765625 0.06640625 0.1609375
0 0.27109375 0.51015625 0.09921875 0.096875
0 0.28046875 0.434375 0.09921875 0.08828125
0 0.35390625 0.3703125 0.09140625 0.1296875
0 0.28125 0.36875 0.11796875 0.10390625
0 0.6921875 0.34765625 0.10546875 0.10078125
0 0.6765625 0.290625 0.115625 0.0859375
0 0.75703125 0.33046875 0.0765625 0.103125
0 0.73203125 0.24140625 0.05859375 0.10703125
0 0.6640625 0.21640625 0.09765625 0.08046875
0 0.6140625 0.18359375 0.0984375 0.08203125
0 0.26171875 0.29609375 0.0890625 0.10078125
0 0.2984375 0.22421875 0.0875 0.11875
0 0.45546875 0.16796875 0.08828125 0.0890625
0 0.37578125 0.2546875 0.1140625 0.08828125