0 0.44921875 0.3390625 0.075 0.1046875
0 0.43046875 0.4484375 0.08203125 0.11328125
0 0.54375 0.4015625 0.10390625 0.0890625
0 0.6078125 0.53671875 0.0859375 0.153125
0 0.43671875 0.546875 0.096875 0.1078125
0 0.54453125 0.609375 0.09140625 0.1421875
0 0.5265625 0.7125 0.0828125 0.08359375
0 0.36796875 0.52421875 0.08203125 0.13984375
0 0.54765625 0.51796875 0.07421875 0.09609375
0 0.5 0.48828125 0.109375 0.10234375
0 0.61640625 0.34140625 0.0953125 0.12265625
0 0.6328125 0.45859375 0.0921875 0.1125
0 0.55234375 0.32890625 0.08046875 0.103125
0 0.4921875 0.35 0.04296875 0.128125