0 0.52578125 0.56796875 0.078125 0.07734375
0 0.5390625 0.65703125 0.06640625 0.0796875
0 0.59765625 0.66796875 0.0828125 0.11484375
0 0.57734375 0.59609375 0.06953125 0.103125
0 0.57734375 0.525 0.08125 0.078125
0 0.43359375 0.884375 0.09765625 0.08671875
0 0.8359375 0.61171875 0.05625 0.128125
0 0.91484375 0.50234375 0.0703125 0.13125
0 0.89609375 0.74375 0.0625 0.12578125
0 0.86796875 0.678125 0.06796875 0.08046875
0 0.809375 0.6828125 0.0921875 0.09765625
0 0.95 0.7546875 0.08515625 0.0875
0 0.95546875 0.825 0.08828125 0.071875
0 0.93203125 0.68046875 0.07109375 0.08515625
0 0.903125 0.6203125 0.0703125 0.0953125