0 0.40078125 0.45625 0.10078125 0.12265625
0 0.3796875 0.5546875 0.08046875 0.128125
0 0.3234375 0.6125 0.075 0.12578125
0 0.3765625 0.665625 0.0796875 0.1125
0 0.4234375 0.78203125 0.08046875 0.16640625
0 0.309375 0.821875 0.0953125 0.159375
0 0.34609375 0.9046875 0.125 0.10078125
0 0.525 0.9484375 0.09921875 0.103125
0 0.48828125 0.8703125 0.08203125 0.10546875
0 0.41328125 0.890625 0.07109375 0.1296875
0 0.28203125 0.6921875 0.0640625 0.1140625
0 0.2359375 0.7765625 0.06875 0.109375
0 0.28828125 0.9390625 0.06484375 0.12109375
0 0.22890625 0.93984375 0.08515625 0.1203125