0 0.33828125 0.44140625 0.05078125 0.0484375
0 0.48203125 0.43515625 0.05078125 0.0390625
0 0.4375 0.4328125 0.04765625 0.040625
0 0.43359375 0.54375 0.04765625 0.04375
0 0.39609375 0.571875 0.05859375 0.03203125
0 0.45078125 0.57734375 0.05 0.0390625
0 0.5640625 0.46171875 0.059375 0.04609375
0 0.540625 0.5 0.03984375 0.0421875
0 0.45078125 0.5046875 0.05703125 0.04609375
0 0.48046875 0.528125 0.03515625 0.04296875
0 0.37421875 0.4921875 0.07109375 0.03515625
0 0.34296875 0.525 0.03046875 0.034375
0 0.39140625 0.53203125 0.06953125 0.0421875
0 0.3890625 0.45625 0.06796875 0.040625
0 0.43359375 0.396875 0.06328125 0.03125
0 0.54375 0.403125 0.0640625 0.0375
0 0.5375 0.4265625 0.053125 0.0265625
0 0.515625 0.45859375 0.05625 0.0421875
0 0.47421875 0.4671875 0.04765625 0.0546875
0 0.50390625 0.4984375 0.0546875 0.0453125
0 0.53671875 0.5296875 0.05546875 0.0359375
0 0.53046875 0.5609375 0.075 0.02421875
0 0.53046875 0.5921875 0.0625 0.0359375
0 0.503125 0.5875 0.05078125 0.0453125
0 0.58515625 0.53046875 0.05625 0.04453125
0 0.5890625 0.496875 0.06796875 0.04765625
0 0.61171875 0.47109375 0.0625 0.0484375