0 0.4765625 0.53203125 0.11875 0.0765625
0 0.5640625 0.54140625 0.090625 0.096875
0 0.3921875 0.60546875 0.084375 0.1171875
0 0.38046875 0.64609375 0.125 0.08125
0 0.8171875 0.40546875 0.128125 0.09375
0 0.8734375 0.22109375 0.1125 0.1203125
0 0.94609375 0.11171875 0.1078125 0.0734375
0 0.659375 0.040625 0.11875 0.08125
0 0.51328125 0.0546875 0.121875 0.0921875
0 0.3203125 0.26015625 0.121875 0.10625
0 0.03828125 0.02578125 0.0765625 0.0515625
0 0.22421875 0.259375 0.125 0.090625
0 0.41796875 0.290625 0.08125 0.096875
0 0.51328125 0.284375 0.115625 0.109375
0 0.60546875 0.2875 0.096875 0.115625
0 0.6390625 0.26796875 0.15 0.1109375
0 0.49609375 0.39375 0.15 0.096875