0 0.55859375 0.753125 0.096875 0.1265625
0 0.4390625 0.73828125 0.0875 0.1390625
0 0.384375 0.303125 0.08125 0.1265625
0 0.47578125 0.4515625 0.078125 0.121875
0 0.33203125 0.5640625 0.0875 0.13125
0 0.72890625 0.3953125 0.084375 0.11875
0 0.7828125 0.5609375 0.0734375 0.109375
0 0.78515625 0.71875 0.084375 0.134375
0 0.63203125 0.67734375 0.084375 0.1125
0 0.6578125 0.7796875 0.090625 0.1265625
0 0.57578125 0.82734375 0.08125 0.121875
0 0.5703125 0.4109375 0.0875 0.1125
0 0.63046875 0.39609375 0.0703125 0.1078125
0 0.3140625 0.434375 0.08125 0.1296875