0 0.44765625 0.41015625 0.075 0.128125
0 0.5328125 0.48984375 0.103125 0.146875
0 0.58046875 0.35 0.0921875 0.140625
0 0.36015625 0.26015625 0.065625 0.08125
0 0.32421875 0.2015625 0.065625 0.1078125
0 0.30234375 0.10625 0.053125 0.0890625
0 0.0453125 0.44609375 0.0625 0.140625
0 0.365625 0.775 0.1 0.109375
0 0.4203125 0.9203125 0.0890625 0.1546875
0 0.50078125 0.83046875 0.090625 0.1609375
0 0.3359375 0.64296875 0.065625 0.0875
0 0.37265625 0.56953125 0.0875 0.103125
0 0.1390625 0.6984375 0.090625 0.14375
0 0.05625 0.8546875 0.065625 0.1953125
0 0.18359375 0.92109375 0.084375 0.15625
0 0.12578125 0.5640625 0.05625 0.1375
0 0.05078125 0.58125 0.096875 0.15625
0 0.03125 0.74765625 0.0625 0.134375