0 0.01328125 0.90625 0.0265625 0.04375
0 0.01796875 0.94296875 0.0359375 0.0484375
0 0.071875 0.9296875 0.078125 0.0265625
0 0.08046875 0.9546875 0.0703125 0.034375
0 0.05078125 0.89765625 0.05 0.04375
0 0.096875 0.89453125 0.046875 0.04375
0 0.0265625 0.696875 0.053125 0.046875
0 0.10703125 0.740625 0.05 0.034375
0 0.09765625 0.6671875 0.0453125 0.028125
0 0.16015625 0.49296875 0.053125 0.04375
0 0.20625 0.46640625 0.04375 0.05
0 0.20390625 0.4984375 0.05 0.0375
0 0.615625 0.55234375 0.078125 0.05
0 0.5546875 0.5796875 0.0703125 0.05
0 0.1703125 0.6296875 0.0453125 0.03125
0 0.19296875 0.66796875 0.0578125 0.034375
0 0.23515625 0.68828125 0.0703125 0.065625
0 0.26484375 0.73671875 0.059375 0.0375
0 0.2796875 0.78046875 0.0703125 0.0453125
0 0.34296875 0.7703125 0.075 0.0578125
0 0.42734375 0.73984375 0.06875 0.040625
0 0.30703125 0.7125 0.028125 0.0375
0 0.41171875 0.609375 0.06875 0.05
0 0.4625 0.571875 0.053125 0.040625
0 0.178125 0.6265625 0.065625 0.0375
0 0.27734375 0.52421875 0.065625 0.05625
0 0.32421875 0.5734375 0.071875 0.0453125
0 0.37734375 0.49765625 0.0421875 0.015625
0 0.37265625 0.5265625 0.0734375 0.04375
0 0.9625 0.82421875 0.0453125 0.046875
0 0.98515625 0.796875 0.0296875 0.0421875
0 0.97734375 0.8328125 0.0453125 0.0609375