0 0.07734375 0.00703125 0.0421875 0.0125
0 0.0421875 0.01171875 0.046875 0.0234375
0 0.05390625 0.0578125 0.025 0.0765625
0 0.03046875 0.06640625 0.03125 0.06875
0 0.0859375 0.0375 0.0421875 0.05
0 0.0890625 0.08203125 0.0421875 0.046875
0 0.28046875 0.01953125 0.046875 0.0390625
0 0.23828125 0.09140625 0.03125 0.05
0 0.309375 0.0828125 0.028125 0.04375
0 0.478125 0.14296875 0.0421875 0.05
0 0.503125 0.18828125 0.046875 0.0421875
0 0.47265625 0.1859375 0.0375 0.05
0 0.4203125 0.584375 0.046875 0.0765625
0 0.39375 0.5265625 0.05 0.06875
0 0.34609375 0.153125 0.03125 0.04375
0 0.30859375 0.17578125 0.034375 0.05625
0 0.2890625 0.21640625 0.0640625 0.06875
0 0.24140625 0.24453125 0.0375 0.0578125
0 0.19921875 0.259375 0.04375 0.06875
0 0.209375 0.3203125 0.05625 0.071875
0 0.2390625 0.40234375 0.0390625 0.065625
0 0.265625 0.2859375 0.0359375 0.028125
0 0.365625 0.3875 0.046875 0.065625
0 0.4015625 0.43671875 0.0390625 0.053125
0 0.3484375 0.1609375 0.0359375 0.0625
0 0.44765625 0.25703125 0.053125 0.0640625
0 0.4 0.30234375 0.04375 0.06875
0 0.4734375 0.35390625 0.015625 0.040625
0 0.44609375 0.34921875 0.0421875 0.071875
0 0.15703125 0.92109375 0.046875 0.04375
0 0.1828125 0.9625 0.040625 0.06875
0 0.14921875 0.94453125 0.059375 0.0609375