0 0.14453125 0.034375 0.0390625 0.0453125
0 0.11328125 0.0359375 0.04375 0.059375
0 0.1234375 0.096875 0.0234375 0.0703125
0 0.1015625 0.1046875 0.0296875 0.0625
0 0.15234375 0.078125 0.0390625 0.0453125
0 0.15546875 0.11953125 0.0390625 0.0421875
0 0.3328125 0.05234375 0.0421875 0.0546875
0 0.29296875 0.128125 0.0296875 0.0453125
0 0.35859375 0.1203125 0.025 0.040625
0 0.5140625 0.17578125 0.0390625 0.046875
0 0.5375 0.2171875 0.04375 0.0390625
0 0.509375 0.21484375 0.034375 0.0453125
0 0.4609375 0.5828125 0.04375 0.0703125
0 0.43671875 0.52890625 0.0453125 0.0625
0 0.3921875 0.18515625 0.028125 0.040625
0 0.3578125 0.20546875 0.03125 0.0515625
0 0.33984375 0.24296875 0.059375 0.0625
0 0.29609375 0.26953125 0.034375 0.053125
0 0.25703125 0.2828125 0.040625 0.0625
0 0.26640625 0.3390625 0.0515625 0.0671875
0 0.29375 0.41484375 0.0359375 0.0609375
0 0.31796875 0.30703125 0.0328125 0.025
0 0.41015625 0.40078125 0.04375 0.0609375
0 0.44375 0.44609375 0.0359375 0.0484375
0 0.39453125 0.1921875 0.0328125 0.0578125
0 0.4859375 0.28046875 0.05 0.059375
0 0.4421875 0.32265625 0.040625 0.0640625
0 0.51015625 0.3703125 0.0140625 0.0375
0 0.484375 0.365625 0.0390625 0.065625
0 0.21796875 0.89296875 0.0421875 0.040625
0 0.2421875 0.93125 0.0375 0.0625
0 0.2109375 0.91484375 0.0546875 0.05625
0 0.2375 0.984375 0.021875 0.03125