0 0.1109375 0.17421875 0.096875 0.1125
0 0.184375 0.26015625 0.10625 0.134375
0 0.25703125 0.3734375 0.115625 0.1
0 0.365625 0.36875 0.146875 0.103125
0 0.51171875 0.32109375 0.096875 0.10625
0 0.40234375 0.32109375 0.109375 0.084375
0 0.66953125 0.440625 0.0765625 0.1359375
0 0.59609375 0.4328125 0.1 0.125
0 0.396875 0.4625 0.1109375 0.096875
0 0.52578125 0.48984375 0.125 0.128125
0 0.3921875 0.58828125 0.09375 0.134375
0 0.42265625 0.621875 0.10625 0.128125
0 0.34296875 0.59453125 0.053125 0.0984375
0 0.5046875 0.68671875 0.13125 0.125
0 0.6078125 0.69609375 0.08125 0.109375
0 0.7375 0.76171875 0.096875 0.109375
0 0.8359375 0.7703125 0.0671875 0.078125
0 0.9359375 0.675 0.10625 0.1078125
0 0.85078125 0.61171875 0.1234375 0.109375
0 0.93671875 0.55 0.0625 0.0515625
0 0.70234375 0.58125 0.10625 0.10625
0 0.5359375 0.56796875 0.159375 0.1171875
0 0.61328125 0.575 0.11875 0.1359375