0 0.640625 0.04453125 0.04765625 0.084375
0 0.52578125 0.18671875 0.0484375 0.06875
0 0.5015625 0.49296875 0.04921875 0.0828125
0 0.5609375 0.55078125 0.034375 0.05078125
0 0.5171875 0.6125 0.03671875 0.1
0 0.6734375 0.60390625 0.06015625 0.0921875
0 0.7328125 0.42578125 0.04609375 0.065625
0 0.62109375 0.38515625 0.0359375 0.059375
0 0.659375 0.3828125 0.0359375 0.05078125
0 0.75078125 0.390625 0.06015625 0.0765625
0 0.78828125 0.36015625 0.06875 0.07578125
0 0.3546875 0.74765625 0.0625 0.1109375
0 0.94609375 0.03359375 0.0609375 0.0671875
0 0.89375 0.053125 0.04609375 0.08046875
0 0.87265625 0.10390625 0.05625 0.07890625
0 0.92421875 0.15 0.03984375 0.08671875
0 0.95703125 0.196875 0.0453125 0.08203125
0 0.9671875 0.27265625 0.03828125 0.06953125
0 0.9796875 0.0546875 0.0390625 0.06796875
0 0.934375 0.090625 0.0453125 0.06796875
0 0.97578125 0.11953125 0.0484375 0.0765625
0 0.9796875 0.18828125 0.03984375 0.08203125