0 0.6828125 0.64765625 0.5546875 0.7046875
0 0.6828125 0.009375 0.028125 0.01875
0 0.7328125 0.00859375 0.028125 0.015625
0 0.69140625 0.040625 0.0265625 0.0484375
0 0.709375 0.01484375 0.021875 0.0296875
0 0.69609375 0.084375 0.0296875 0.040625
0 0.725 0.10390625 0.0265625 0.046875
0 0.7546875 0.02578125 0.028125 0.05
0 0.78046875 0.05546875 0.0296875 0.046875
0 0.7796875 0.10390625 0.0296875 0.05
0 0.8078125 0.07734375 0.034375 0.053125
0 0.80546875 0.13046875 0.03125 0.046875
0 0.8296875 0.1609375 0.0296875 0.046875
0 0.859375 0.18671875 0.0203125 0.04375
0 0.12421875 0.47265625 0.0375 0.0453125
0 0.1484375 0.50234375 0.0265625 0.04375
0 0.11171875 0.7265625 0.034375 0.059375
0 0.103125 0.659375 0.040625 0.0515625
0 0.27578125 0.76796875 0.034375 0.046875
0 0.26484375 0.8171875 0.040625 0.06875
0 0.27734375 0.87265625 0.025 0.05625
0 0.2140625 0.959375 0.05625 0.071875
0 0.3015625 0.76328125 0.0375 0.0546875
0 0.3484375 0.76484375 0.0265625 0.040625