0 0.35390625 0.70703125 0.7078125 0.56875
0 0.96875 0.71640625 0.05 0.028125
0 0.98984375 0.734375 0.0203125 0.021875
0 0.92421875 0.72109375 0.040625 0.03125
0 0.90390625 0.75078125 0.046875 0.028125
0 0.978125 0.7796875 0.04375 0.028125
0 0.953125 0.8078125 0.046875 0.03125
0 0.90390625 0.80703125 0.0515625 0.03125
0 0.93125 0.83515625 0.0546875 0.034375
0 0.8765625 0.83359375 0.046875 0.0328125
0 0.8453125 0.85859375 0.046875 0.03125
0 0.81875 0.88828125 0.04375 0.0203125
0 0.5265625 0.1359375 0.046875 0.0375
0 0.49609375 0.16015625 0.04375 0.028125
0 0.26640625 0.12265625 0.059375 0.0359375
0 0.33515625 0.1140625 0.053125 0.040625
0 0.2234375 0.290625 0.046875 0.0359375
0 0.1734375 0.2796875 0.0703125 0.040625
0 0.1171875 0.29296875 0.0578125 0.025
0 0.0328125 0.22734375 0.065625 0.0578125
0 0.22890625 0.3171875 0.05625 0.0375
0 0.22734375 0.36484375 0.040625 0.028125