0 0.06875 0.75390625 0.1375 0.1953125
0 0.51484375 0.971875 0.1125 0.0421875
0 0.65703125 0.99140625 0.084375 0.0171875
0 0.571875 0.83046875 0.0890625 0.0375
0 0.446875 0.825 0.1609375 0.046875
0 0.83046875 0.6078125 0.0625 0.0421875
0 0.859375 0.5578125 0.103125 0.0375
0 0.778125 0.53203125 0.08125 0.053125
0 0.6890625 0.5015625 0.096875 0.05625
0 0.4390625 0.32421875 0.36875 0.109375
0 0.81484375 0.15546875 0.3703125 0.2203125
0 0.28671875 0.0609375 0.1734375 0.0875
0 0.55859375 0.26796875 0.134375 0.0453125
0 0.67890625 0.375 0.153125 0.05
0 0.58515625 0.21171875 0.1 0.0265625
0 0.396875 0.6703125 0.4375 0.190625
0 0.428125 0.54296875 0.403125 0.1171875