0 0.03359375 0.3671875 0.0671875 0.0484375
0 0.175 0.4828125 0.071875 0.05
0 0.48984375 0.5078125 0.084375 0.05
0 0.54921875 0.446875 0.053125 0.034375
0 0.61328125 0.49140625 0.103125 0.0375
0 0.60390625 0.33125 0.09375 0.0625
0 0.42109375 0.27109375 0.06875 0.046875
0 0.37890625 0.38515625 0.0609375 0.0375
0 0.3765625 0.34609375 0.053125 0.0375
0 0.38515625 0.25234375 0.078125 0.0625
0 0.353125 0.21328125 0.078125 0.0703125
0 0.7515625 0.65859375 0.1140625 0.0640625
0 0.025 0.053125 0.05 0.059375
0 0.0390625 0.109375 0.078125 0.04375
0 0.08984375 0.1265625 0.08125 0.0578125
0 0.1375 0.07421875 0.0890625 0.040625
0 0.18515625 0.040625 0.084375 0.046875
0 0.26328125 0.03046875 0.071875 0.040625
0 0.03671875 0.01875 0.071875 0.0375
0 0.07578125 0.06328125 0.0703125 0.046875
0 0.10703125 0.02265625 0.078125 0.04375
0 0.17734375 0.01875 0.084375 0.0375