0 0.034375 0.7625 0.06875 0.1359375
0 0.115625 0.70390625 0.1546875 0.115625
0 0.0734375 0.42890625 0.146875 0.1796875
0 0.07734375 0.2546875 0.1546875 0.1421875
0 0.84921875 0.0890625 0.140625 0.1625
0 0.86640625 0.25546875 0.1578125 0.190625
0 0.896875 0.59921875 0.20625 0.1765625
0 0.64921875 0.74375 0.1234375 0.140625
0 0.26640625 0.94765625 0.1390625 0.1046875
0 0.278125 0.79609375 0.284375 0.2234375
0 0.7625 0.72265625 0.19375 0.225
0 0.74765625 0.5390625 0.153125 0.1796875
0 0.66640625 0.39765625 0.25 0.1984375
0 0.05 0.8390625 0.0875 0.103125
0 0.55546875 0.49609375 0.146875 0.215625
0 0.4328125 0.49375 0.2234375 0.2015625
0 0.4390625 0.30546875 0.2546875 0.2015625
0 0.3015625 0.259375 0.1875 0.215625