0 0.08515625 0.1515625 0.1703125 0.2125
0 0.04140625 0.6421875 0.0828125 0.7125
0 0.1109375 0.8953125 0.084375 0.209375
0 0.0609375 0.17890625 0.121875 0.346875
0 0.88671875 0.84765625 0.2265625 0.3046875
0 0.78125 0.93671875 0.0796875 0.1265625
0 0.72421875 0.98046875 0.0609375 0.0390625
0 0.77109375 0.0484375 0.053125 0.096875
0 0.4671875 0.50859375 0.2015625 0.9828125
0 0.61640625 0.5359375 0.246875 0.5125
0 0.60703125 0.2015625 0.1421875 0.121875
0 0.31796875 0.46171875 0.0953125 0.78125
0 0.24375 0.5421875 0.0609375 0.6578125
0 0.196875 0.4859375 0.05 0.3140625
0 0.3640625 0.86171875 0.071875 0.209375
0 0.3546875 0.1171875 0.0765625 0.1625