0 0.47890625 0.45546875 0.35625 0.496875
0 0.83046875 0.77578125 0.2640625 0.378125
0 0.84375 0.23515625 0.3 0.453125
0 0.140625 0.75390625 0.28125 0.4921875
0 0.22890625 0.059375 0.440625 0.11875
0 0.11015625 0.19765625 0.2203125 0.3953125
0 0.31875 0.509375 0.1421875 0.31875
0 0.44296875 0.43515625 0.19375 0.625
0 0.34921875 0.8890625 0.15 0.221875
0 0.1453125 0.84375 0.290625 0.3125
0 0.57890625 0.915625 0.171875 0.16875
0 0.6359375 0.12421875 0.18125 0.2484375
0 0.11015625 0.253125 0.2203125 0.271875
0 0.0375 0.6546875 0.075 0.3125
0 0.07109375 0.50078125 0.0921875 0.140625
0 0.125 0.6046875 0.1125 0.134375
0 0.1875 0.9 0.375 0.2
0 0.646875 0.83828125 0.2046875 0.234375
0 0.796875 0.9640625 0.315625 0.071875
0 0.9484375 0.3609375 0.103125 0.2671875