0 0.2484375 0.10546875 0.1171875 0.1265625
0 0.2984375 0.20859375 0.0984375 0.1328125
0 0.5359375 0.1484375 0.1546875 0.175
0 0.68515625 0.153125 0.121875 0.178125
0 0.8265625 0.8390625 0.140625 0.1203125
0 0.68359375 0.85390625 0.1640625 0.1359375
0 0.3890625 0.884375 0.1515625 0.184375
0 0.2640625 0.6671875 0.1203125 0.10625
0 0.08671875 0.33984375 0.096875 0.11875
0 0.21875 0.3484375 0.1921875 0.2453125
0 0.28203125 0.76484375 0.19375 0.165625
0 0.43984375 0.7515625 0.1546875 0.13125
0 0.56171875 0.68203125 0.1703125 0.2140625
0 0.18203125 0.15234375 0.0890625 0.075
0 0.4765625 0.58671875 0.184375 0.1265625
0 0.47890625 0.48125 0.1734375 0.1921875
0 0.640625 0.48671875 0.1734375 0.21875
0 0.68046875 0.36875 0.184375 0.1609375