0 0.37890625 0.81640625 0.05625 0.06875
0 0.3171875 0.86015625 0.0515625 0.075
0 0.28125 0.921875 0.04375 0.075
0 0.61328125 0.86484375 0.065625 0.096875
0 0.63359375 0.478125 0.04375 0.0796875
0 0.7359375 0.25 0.0625 0.06875
0 0.8375 0.31484375 0.0515625 0.0625
0 0.81484375 0.3609375 0.05 0.090625
0 0.73046875 0.06640625 0.0375 0.05625
0 0.71953125 0.01875 0.0578125 0.0375
0 0.58828125 0.440625 0.0484375 0.059375
0 0.590625 0.50625 0.05625 0.0671875
0 0.54375 0.49453125 0.053125 0.046875
0 0.5890625 0.56953125 0.065625 0.10625
0 0.53203125 0.55625 0.0640625 0.0875
0 0.54765625 0.60390625 0.06875 0.0828125
0 0.5671875 0.65078125 0.0671875 0.0875
0 0.575 0.71484375 0.0625 0.075
0 0.68515625 0.28359375 0.0671875 0.0953125
0 0.75 0.33046875 0.059375 0.08125
0 0.74921875 0.39453125 0.0671875 0.071875
0 0.73125 0.4546875 0.0640625 0.0984375
0 0.74296875 0.51640625 0.0640625 0.10625
0 0.725 0.590625 0.0375 0.071875
0 0.671875 0.60390625 0.046875 0.1125
0 0.71875 0.6453125 0.059375 0.06875
0 0.77265625 0.79609375 0.0328125 0.059375
0 0.83515625 0.80703125 0.0453125 0.059375
0 0.6375 0.70625 0.025 0.04375
0 0.65390625 0.76953125 0.0328125 0.0625
0 0.63203125 0.79375 0.040625 0.05
0 0.5640625 0.803125 0.0484375 0.03125
0 0.4890625 0.96171875 0.08125 0.065625
0 0.42890625 0.16484375 0.04375 0.0640625
0 0.434375 0.23203125 0.040625 0.05
0 0.48125 0.3046875 0.046875 0.053125
0 0.4859375 0.21171875 0.05625 0.090625
0 0.87265625 0.284375 0.040625 0.0609375
0 0.90859375 0.34453125 0.040625 0.0640625
0 0.91796875 0.44140625 0.05 0.121875
0 0.97421875 0.44296875 0.040625 0.071875
0 0.9609375 0.371875 0.046875 0.05
0 0.990625 0.58359375 0.01875 0.04375
0 0.96171875 0.60546875 0.040625 0.0609375
0 0.88359375 0.53203125 0.08125 0.05625