0 0.52265625 0.975 0.11875 0.05
0 0.6 0.9875 0.1328125 0.025
0 0.565625 0.91328125 0.15 0.096875
0 0.6671875 0.86015625 0.1328125 0.08125
0 0.77890625 0.83203125 0.153125 0.0953125
0 0.921875 0.81171875 0.15625 0.1640625
0 0.9125 0.5484375 0.175 0.1265625
0 0.9296875 0.37109375 0.140625 0.1203125
0 0.89375 0.41875 0.2125 0.1
0 0.80390625 0.2546875 0.2125 0.1125
0 0.76875 0.1984375 0.1609375 0.0875
0 0.32109375 0.51328125 0.409375 0.6078125
0 0.5375 0.0890625 0.134375 0.078125
0 0.490625 0.021875 0.1046875 0.04375
0 0.48515625 0.1296875 0.11875 0.065625
0 0.4734375 0.0671875 0.090625 0.0484375
0 0.96171875 0.93671875 0.0765625 0.1265625