0 0.546875 0.43984375 0.41875 0.471875
0 0.35546875 0.52734375 0.2265625 0.296875
0 0.496875 0.521875 0.528125 0.296875
0 0.50078125 0.340625 0.496875 0.2171875
0 0.6390625 0.4609375 0.2328125 0.4578125
0 0.37421875 0.478125 0.2796875 0.371875
0 0.45078125 0.525 0.1125 0.1875
0 0.3890625 0.51328125 0.1125 0.178125
0 0.559375 0.52578125 0.128125 0.175
0 0.5703125 0.6609375 0.1140625 0.09375
0 0.45546875 0.66953125 0.121875 0.103125
0 0.35234375 0.6265625 0.10625 0.134375
0 0.31484375 0.571875 0.08125 0.171875
0 0.27890625 0.48125 0.075 0.10625
0 0.33984375 0.42109375 0.1015625 0.1375
0 0.34296875 0.3390625 0.071875 0.1125
0 0.396875 0.2875 0.1 0.159375
0 0.484375 0.26484375 0.1125 0.18125
0 0.5890625 0.3015625 0.140625 0.14375
0 0.7078125 0.37265625 0.090625 0.159375
0 0.66640625 0.60703125 0.090625 0.1234375
0 0.646875 0.4453125 0.08125 0.14375
0 0.71015625 0.54375 0.08125 0.1375