0 0.10078125 0.16640625 0.1 0.115625
0 0.17578125 0.25390625 0.1078125 0.1375
0 0.24921875 0.36953125 0.11875 0.1
0 0.35859375 0.3640625 0.1484375 0.10625
0 0.50625 0.31640625 0.096875 0.1078125
0 0.3953125 0.31640625 0.1109375 0.0875
0 0.66640625 0.43671875 0.078125 0.1375
0 0.5921875 0.42890625 0.1015625 0.125
0 0.390625 0.459375 0.1125 0.096875
0 0.52109375 0.48671875 0.125 0.13125
0 0.3859375 0.58671875 0.096875 0.1359375
0 0.415625 0.6203125 0.1078125 0.128125
0 0.3359375 0.59296875 0.053125 0.1
0 0.5 0.6859375 0.134375 0.125
0 0.60390625 0.69609375 0.084375 0.1109375
0 0.7359375 0.7625 0.096875 0.1109375
0 0.8359375 0.77109375 0.06875 0.0796875
0 0.93671875 0.67421875 0.109375 0.109375
0 0.85078125 0.61015625 0.125 0.1109375
0 0.93671875 0.5484375 0.0640625 0.053125
0 0.7 0.5796875 0.109375 0.1078125
0 0.53125 0.565625 0.159375 0.11875
0 0.609375 0.5734375 0.11875 0.1390625