0 0.39375 0.83125 0.05 0.0625
0 0.33828125 0.8703125 0.046875 0.0671875
0 0.30546875 0.9265625 0.0390625 0.06875
0 0.60546875 0.875 0.059375 0.0875
0 0.6234375 0.52578125 0.0390625 0.071875
0 0.71640625 0.31953125 0.05625 0.0625
0 0.8078125 0.378125 0.046875 0.05625
0 0.7875 0.41953125 0.0453125 0.0828125
0 0.7109375 0.15390625 0.034375 0.05
0 0.66953125 0.05546875 0.0375 0.10625
0 0.703125 0.10546875 0.0515625 0.046875
0 0.5828125 0.49140625 0.04375 0.053125
0 0.58515625 0.55078125 0.0515625 0.0609375
0 0.54296875 0.540625 0.0484375 0.0421875
0 0.58359375 0.6078125 0.059375 0.096875
0 0.53203125 0.59609375 0.0578125 0.078125
0 0.54609375 0.6390625 0.0625 0.075
0 0.5640625 0.68125 0.0609375 0.0796875
0 0.57109375 0.7390625 0.05625 0.0671875
0 0.6703125 0.35 0.0609375 0.0859375
0 0.72890625 0.3921875 0.053125 0.0734375
0 0.728125 0.45 0.0609375 0.0640625
0 0.71171875 0.5046875 0.0578125 0.0890625
0 0.72265625 0.56015625 0.0578125 0.0953125
0 0.70625 0.62734375 0.034375 0.065625
0 0.65859375 0.6390625 0.0421875 0.1015625
0 0.70078125 0.6765625 0.053125 0.0625
0 0.74921875 0.8125 0.0296875 0.053125
0 0.80546875 0.82265625 0.040625 0.053125
0 0.62734375 0.73125 0.0234375 0.0390625
0 0.6421875 0.7890625 0.0296875 0.05625
0 0.62265625 0.8109375 0.0359375 0.0453125
0 0.5609375 0.81875 0.04375 0.028125
0 0.49296875 0.9625 0.0734375 0.059375
0 0.4390625 0.24296875 0.0390625 0.0578125
0 0.44375 0.303125 0.0359375 0.0453125
0 0.4859375 0.36875 0.0421875 0.0484375
0 0.490625 0.28515625 0.0515625 0.08125
0 0.83984375 0.35078125 0.0375 0.0546875
0 0.871875 0.4046875 0.0375 0.0578125
0 0.88046875 0.4921875 0.0453125 0.1109375
0 0.93125 0.49375 0.0359375 0.0640625
0 0.91953125 0.4296875 0.0421875 0.0453125
0 0.95234375 0.621875 0.028125 0.0390625
0 0.9203125 0.640625 0.0359375 0.0546875
0 0.84921875 0.57421875 0.0734375 0.05