0 0.11171875 0.23203125 0.2234375 0.1921875
0 0.07265625 0.6765625 0.1453125 0.646875
0 0.17109375 0.90390625 0.0765625 0.1921875
0 0.08984375 0.25625 0.1796875 0.3125
0 0.8828125 0.8609375 0.2296875 0.278125
0 0.7734375 0.940625 0.071875 0.11875
0 0.72265625 0.98046875 0.0546875 0.0390625
0 0.99140625 0.128125 0.0171875 0.090625
0 0.76484375 0.1359375 0.046875 0.09375
0 0.49140625 0.55546875 0.18125 0.8890625
0 0.625 0.57734375 0.221875 0.4609375
0 0.61640625 0.2765625 0.128125 0.109375
0 0.35625 0.5109375 0.0859375 0.703125
0 0.28984375 0.58359375 0.0546875 0.5921875
0 0.24765625 0.5328125 0.0453125 0.2828125
0 0.39765625 0.87109375 0.0640625 0.1875
0 0.38984375 0.20078125 0.06875 0.1453125