0 0.52890625 0.96640625 0.16875 0.0671875
0 0.6421875 0.92734375 0.1484375 0.0921875
0 0.76796875 0.89609375 0.171875 0.1078125
0 0.91953125 0.8734375 0.1609375 0.184375
0 0.909375 0.57890625 0.18125 0.1421875
0 0.92890625 0.3796875 0.1421875 0.134375
0 0.88828125 0.4328125 0.2234375 0.1125
0 0.7953125 0.25 0.2375 0.1265625
0 0.75625 0.18671875 0.18125 0.096875
0 0.25546875 0.5390625 0.459375 0.68125
0 0.496875 0.0640625 0.15 0.0875
0 0.43828125 0.109375 0.13125 0.071875
0 0.42578125 0.03984375 0.103125 0.053125