0 0.16875 0.91796875 0.125 0.10625
0 0.26328125 0.8375 0.146875 0.1171875
0 0.3875 0.7578125 0.10625 0.1265625
0 0.38203125 0.63984375 0.1140625 0.159375
0 0.33046875 0.48046875 0.115625 0.10625
0 0.33046875 0.6 0.09375 0.11875
0 0.46015625 0.3078125 0.146875 0.084375
0 0.4515625 0.38828125 0.1359375 0.109375
0 0.484375 0.60546875 0.10625 0.121875
0 0.5140625 0.46484375 0.140625 0.1359375
0 0.62109375 0.6109375 0.146875 0.103125
0 0.6578125 0.578125 0.1390625 0.115625
0 0.62890625 0.66484375 0.10625 0.0578125
0 0.72890625 0.4875 0.1359375 0.14375
0 0.7390625 0.37578125 0.11875 0.090625
0 0.8109375 0.23359375 0.11875 0.10625
0 0.8203125 0.12578125 0.0859375 0.075
0 0.71484375 0.03828125 0.1171875 0.0765625
0 0.646875 0.11015625 0.11875 0.1359375
0 0.57890625 0.02578125 0.05625 0.05
0 0.6140625 0.271875 0.115625 0.11875
0 0.5984375 0.45390625 0.128125 0.171875
0 0.60703125 0.36953125 0.15 0.128125