0 0.96953125 0.3078125 0.0609375 0.11875
0 0.83359375 0.50234375 0.0953125 0.1375
0 0.98515625 0.7890625 0.0296875 0.109375
0 0.81953125 0.71328125 0.103125 0.153125
0 0.7625 0.63359375 0.0921875 0.1171875
0 0.67265625 0.57265625 0.096875 0.1765625
0 0.63515625 0.64453125 0.10625 0.184375
0 0.56171875 0.56484375 0.121875 0.1875
0 0.628125 0.75 0.0828125 0.071875
0 0.62578125 0.840625 0.078125 0.115625
0 0.55234375 0.85390625 0.0578125 0.0859375
0 0.6 0.9453125 0.0953125 0.109375
0 0.509375 0.93984375 0.0953125 0.1203125