0 0.3875 0.659375 0.775 0.5765625
0 0.984375 0.67109375 0.03125 0.028125
0 0.97421875 0.70234375 0.046875 0.028125
0 0.97265625 0.7578125 0.0546875 0.03125
0 0.984375 0.7859375 0.03125 0.03125
0 0.946875 0.78671875 0.046875 0.0328125
0 0.91484375 0.8125 0.05 0.03125
0 0.8890625 0.8421875 0.0453125 0.021875
0 0.58984375 0.07890625 0.046875 0.0375
0 0.55859375 0.10390625 0.04375 0.028125
0 0.3234375 0.065625 0.0625 0.0359375
0 0.39453125 0.05703125 0.053125 0.040625
0 0.28046875 0.2359375 0.046875 0.0375
0 0.22890625 0.22421875 0.0703125 0.040625
0 0.17109375 0.2375 0.0578125 0.0265625
0 0.08046875 0.171875 0.075 0.059375
0 0.28515625 0.2625 0.05625 0.0375
0 0.2828125 0.3109375 0.0421875 0.028125