0 0.91328125 0.70078125 0.0734375 0.059375
0 0.959375 0.76640625 0.0796875 0.05625
0 0.95625 0.45234375 0.0875 0.0703125
0 0.55234375 0.4296875 0.084375 0.046875
0 0.309375 0.3203125 0.0734375 0.065625
0 0.378125 0.2125 0.065625 0.05625
0 0.42734375 0.2359375 0.096875 0.053125
0 0.11328125 0.3265625 0.059375 0.040625
0 0.0296875 0.3765625 0.059375 0.04375
0 0.05625 0.3359375 0.05625 0.0609375
0 0.51171875 0.478125 0.0625 0.0515625
0 0.58203125 0.475 0.071875 0.0609375
0 0.5703125 0.525 0.05 0.05625
0 0.64921875 0.4765625 0.1140625 0.0703125
0 0.6359375 0.5375 0.0921875 0.06875
0 0.68671875 0.52109375 0.0875 0.0734375
0 0.7359375 0.5 0.09375 0.071875
0 0.8046875 0.49140625 0.0796875 0.065625
0 0.3453125 0.37421875 0.1015625 0.071875
0 0.39453125 0.30546875 0.0875 0.0625
0 0.46328125 0.30625 0.075 0.071875
0 0.52734375 0.32578125 0.10625 0.06875
0 0.59296875 0.3125 0.1125 0.06875
0 0.67265625 0.33203125 0.078125 0.040625
0 0.68671875 0.38828125 0.1203125 0.05
0 0.73046875 0.33828125 0.0734375 0.0625
0 0.89140625 0.28125 0.0625 0.034375
0 0.903125 0.21484375 0.0625 0.046875
0 0.7953125 0.425 0.046875 0.028125
0 0.86328125 0.4078125 0.065625 0.034375
0 0.8890625 0.43046875 0.053125 0.0421875
0 0.8984375 0.50390625 0.034375 0.0515625
0 0.21875 0.64765625 0.06875 0.046875
0 0.28984375 0.6421875 0.053125 0.0421875
0 0.3671875 0.5921875 0.05625 0.05
0 0.26875 0.58671875 0.096875 0.0609375
0 0.34609375 0.17421875 0.065625 0.04375
0 0.409375 0.13671875 0.06875 0.04375
0 0.51328125 0.1265625 0.13125 0.053125
0 0.51484375 0.06640625 0.075 0.0421875
0 0.4390625 0.08046875 0.053125 0.05
0 0.66640625 0.04140625 0.046875 0.034375
0 0.68828125 0.0796875 0.065625 0.0421875
0 0.61015625 0.16328125 0.059375 0.0875