0 0.35 0.66328125 0.7 0.5203125
0 0.9796875 0.66328125 0.040625 0.0265625
0 0.98046875 0.71015625 0.0390625 0.0265625
0 0.93828125 0.671875 0.0453125 0.025
0 0.96953125 0.68828125 0.0421875 0.0203125
0 0.89765625 0.67578125 0.0375 0.028125
0 0.87890625 0.703125 0.04375 0.025
0 0.95234375 0.73125 0.046875 0.0265625
0 0.92421875 0.75546875 0.04375 0.028125
0 0.87890625 0.7546875 0.046875 0.028125
0 0.90390625 0.78046875 0.05 0.03125
0 0.85390625 0.77890625 0.04375 0.0296875
0 0.82578125 0.8015625 0.04375 0.028125
0 0.8015625 0.82890625 0.040625 0.01875
0 0.53359375 0.13984375 0.0421875 0.034375
0 0.50546875 0.1625 0.040625 0.025
0 0.2953125 0.128125 0.0546875 0.0328125
0 0.35859375 0.1203125 0.0484375 0.0375
0 0.25625 0.28203125 0.04375 0.0328125
0 0.21015625 0.271875 0.0640625 0.0375
0 0.15859375 0.28359375 0.053125 0.0234375
0 0.07734375 0.22421875 0.0671875 0.053125
0 0.2609375 0.30625 0.0515625 0.034375
0 0.259375 0.35 0.0375 0.025