0 0.2609375 0.07734375 0.178125 0.153125
0 0.06171875 0.49609375 0.0375 0.103125
0 0.0265625 0.62578125 0.053125 0.0765625
0 0.190625 0.54765625 0.034375 0.08125
0 0.1953125 0.434375 0.04375 0.146875
0 0.39296875 0.7828125 0.0375 0.05625
0 0.43828125 0.80859375 0.034375 0.09375
0 0.4609375 0.73515625 0.05 0.071875
0 0.4890625 0.65390625 0.05 0.0890625
0 0.65 0.42734375 0.1 0.334375
0 0.803125 0.8 0.2 0.4
0 0.8890625 0.2890625 0.0796875 0.15625
0 0.70078125 0.5359375 0.040625 0.121875
0 0.60390625 0.6453125 0.046875 0.1375
0 0.75234375 0.559375 0.0234375 0.090625
0 0.3359375 0.3890625 0.171875 0.396875
0 0.4515625 0.4171875 0.10625 0.365625