0 0.18515625 0.0875 0.13125 0.14375
0 0.24140625 0.203125 0.1109375 0.15
0 0.50859375 0.1359375 0.175 0.196875
0 0.6765625 0.140625 0.1375 0.2
0 0.8359375 0.9140625 0.159375 0.1359375
0 0.675 0.9265625 0.184375 0.146875
0 0.3421875 0.93046875 0.171875 0.1390625
0 0.20234375 0.7203125 0.1359375 0.11875
0 0.028125 0.35 0.05625 0.134375
0 0.1515625 0.3609375 0.215625 0.2765625
0 0.22265625 0.83046875 0.21875 0.1875
0 0.40078125 0.81484375 0.175 0.146875
0 0.5375 0.73671875 0.1921875 0.240625
0 0.11015625 0.13984375 0.1 0.084375
0 0.4421875 0.6296875 0.2078125 0.14375
0 0.44453125 0.5109375 0.1953125 0.215625
0 0.6265625 0.51640625 0.1953125 0.246875
0 0.671875 0.38359375 0.2078125 0.18125