0 0.778125 0.95234375 0.0515625 0.046875
0 0.70546875 0.95859375 0.059375 0.046875
0 0.5453125 0.9546875 0.0546875 0.0296875
0 0.56796875 0.9859375 0.0984375 0.028125
0 0.4578125 0.9734375 0.0859375 0.046875
0 0.20625 0.8875 0.0703125 0.0421875
0 0.25390625 0.92265625 0.0734375 0.0421875
0 0.30546875 0.95703125 0.0734375 0.0296875
0 0.284375 0.978125 0.1015625 0.0296875
0 0.2046875 0.9859375 0.0421875 0.028125
0 0.39375 0.9921875 0.0875 0.015625
0 0.915625 0.803125 0.0734375 0.0296875
0 0.94765625 0.771875 0.05625 0.0328125
0 0.98359375 0.77265625 0.0328125 0.0578125
0 0.49296875 0.540625 0.60625 0.1609375