0 0.453125 0.50859375 0.4875 0.35
0 0.76796875 0.16328125 0.371875 0.259375
0 0.23671875 0.15 0.4453125 0.2953125
0 0.75234375 0.8515625 0.49375 0.296875
0 0.0609375 0.75390625 0.121875 0.434375
0 0.196875 0.88125 0.39375 0.2375
0 0.50625 0.66640625 0.3125 0.140625
0 0.4328125 0.54453125 0.6140625 0.1890625
0 0.884375 0.6375 0.23125 0.146875
0 0.840625 0.83671875 0.31875 0.2859375
0 0.9109375 0.41015625 0.178125 0.16875
0 0.12421875 0.3546875 0.2484375 0.178125
0 0.25390625 0.88125 0.265625 0.2375
0 0.6484375 0.953125 0.30625 0.09375
0 0.49765625 0.909375 0.1375 0.090625
0 0.6 0.85703125 0.1328125 0.1109375
0 0.89609375 0.7953125 0.2078125 0.36875
0 0.8296875 0.34375 0.23125 0.2015625
0 0.95859375 0.19609375 0.0828125 0.3109375
0 0.359375 0.04921875 0.2625 0.0984375