0 0.11171875 0.23046875 0.2234375 0.19375
0 0.07265625 0.67578125 0.14375 0.646875
0 0.1703125 0.9046875 0.078125 0.190625
0 0.08984375 0.2546875 0.178125 0.315625
0 0.88515625 0.86171875 0.2296875 0.2765625
0 0.77578125 0.94140625 0.0734375 0.1171875
0 0.72578125 0.98203125 0.0546875 0.0359375
0 0.99375 0.12578125 0.0125 0.090625
0 0.76796875 0.13359375 0.046875 0.09375
0 0.4921875 0.55390625 0.18125 0.890625
0 0.62734375 0.578125 0.2234375 0.4640625
0 0.61875 0.275 0.128125 0.109375
0 0.35703125 0.5109375 0.0875 0.7078125
0 0.28984375 0.584375 0.0546875 0.596875
0 0.24765625 0.5328125 0.0453125 0.284375
0 0.3984375 0.8734375 0.065625 0.1890625
0 0.390625 0.19921875 0.06875 0.146875