0 0.66640625 0.653125 0.546875 0.69375
0 0.66640625 0.0171875 0.028125 0.034375
0 0.715625 0.01640625 0.028125 0.0328125
0 0.67578125 0.05625 0.0265625 0.046875
0 0.69296875 0.0234375 0.021875 0.04375
0 0.6796875 0.09921875 0.0296875 0.0390625
0 0.7078125 0.11875 0.0265625 0.046875
0 0.7375 0.0421875 0.028125 0.05
0 0.76328125 0.07109375 0.0296875 0.046875
0 0.7625 0.11875 0.0296875 0.05
0 0.7890625 0.09296875 0.0328125 0.053125
0 0.7875 0.1453125 0.03125 0.046875
0 0.81171875 0.17421875 0.0296875 0.046875
0 0.83984375 0.2 0.01875 0.04375
0 0.1171875 0.48125 0.0359375 0.04375
0 0.140625 0.5109375 0.0265625 0.04375
0 0.1046875 0.73125 0.034375 0.05625
0 0.096875 0.66484375 0.0390625 0.05
0 0.26640625 0.771875 0.034375 0.046875
0 0.25546875 0.8203125 0.0390625 0.0671875
0 0.26796875 0.87421875 0.025 0.0546875
0 0.20546875 0.96015625 0.05625 0.0703125
0 0.2921875 0.7671875 0.0359375 0.053125
0 0.3375 0.76875 0.0265625 0.0390625