0 0.959375 0.2296875 0.05 0.0546875
0 0.96640625 0.30625 0.05 0.0625
0 0.96171875 0.475 0.03125 0.0578125
0 0.98984375 0.4515625 0.01875 0.103125
0 0.978125 0.56875 0.04375 0.090625
0 0.89140625 0.83359375 0.04375 0.075
0 0.928125 0.7828125 0.04375 0.078125
0 0.96484375 0.72890625 0.03125 0.078125
0 0.98515625 0.7515625 0.0296875 0.1078125
0 0.98984375 0.8359375 0.01875 0.04375
0 0.996875 0.63515625 0.00625 0.0921875
0 0.80234375 0.084375 0.03125 0.078125
0 0.76875 0.05 0.034375 0.059375
0 0.76953125 0.01484375 0.0609375 0.0296875
0 0.525 0.53046875 0.1703125 0.640625