0 0.5109375 0.42421875 0.3203125 0.446875
0 0.82734375 0.7125 0.2375 0.340625
0 0.8390625 0.22578125 0.2703125 0.4078125
0 0.17890625 0.70859375 0.3078125 0.471875
0 0.2859375 0.06015625 0.396875 0.1203125
0 0.14296875 0.18515625 0.271875 0.3703125
0 0.36640625 0.47265625 0.128125 0.2859375
0 0.478125 0.40546875 0.1734375 0.5625
0 0.39453125 0.85703125 0.134375 0.2859375
0 0.2109375 0.81640625 0.2609375 0.3671875
0 0.6015625 0.88125 0.1546875 0.2375
0 0.653125 0.11875 0.1640625 0.2375
0 0.15078125 0.24296875 0.2546875 0.24375
0 0.07421875 0.60390625 0.146875 0.28125
0 0.14375 0.46484375 0.0828125 0.1265625
0 0.1921875 0.55859375 0.1015625 0.121875
0 0.24921875 0.8546875 0.3375 0.240625
0 0.66171875 0.76875 0.184375 0.2109375
0 0.79765625 0.925 0.284375 0.15
0 0.94375 0.3390625 0.1125 0.240625