0 0.028125 0.50625 0.05625 0.1109375
0 0.01640625 0.578125 0.0328125 0.125
0 0.090625 0.54609375 0.090625 0.1421875
0 0.140625 0.64140625 0.0765625 0.125
0 0.1671875 0.746875 0.090625 0.14375
0 0.1875 0.90390625 0.1546875 0.1921875
0 0.184375 0.97265625 0.109375 0.0546875
0 0.434375 0.8953125 0.11875 0.209375
0 0.60234375 0.91171875 0.1125 0.1765625
0 0.55625 0.86171875 0.09375 0.2140625
0 0.71015625 0.7703125 0.10625 0.2
0 0.76328125 0.7375 0.08125 0.1515625
0 0.4671875 0.31640625 0.571875 0.3859375
0 0.86640625 0.51953125 0.0734375 0.1265625
0 0.940625 0.4765625 0.0625 0.0984375
0 0.828125 0.4703125 0.0609375 0.1109375
0 0.88671875 0.459375 0.0453125 0.0859375
0 0.0640625 0.94140625 0.128125 0.1171875