0 0.47265625 0.3921875 0.371875 0.5203125
0 0.840625 0.72734375 0.2765625 0.396875
0 0.84765625 0.19921875 0.3046875 0.3984375
0 0.1328125 0.721875 0.265625 0.55
0 0.22109375 0.01875 0.4421875 0.0375
0 0.10078125 0.16484375 0.2015625 0.328125
0 0.3046875 0.4484375 0.15 0.3328125
0 0.434375 0.3703125 0.2015625 0.6546875
0 0.3359375 0.8640625 0.15625 0.271875
0 0.1375 0.8171875 0.275 0.365625
0 0.57734375 0.8921875 0.1796875 0.215625
0 0.6375 0.0875 0.190625 0.175
0 0.10078125 0.1796875 0.2015625 0.284375
0 0.02421875 0.59921875 0.0484375 0.3265625
0 0.04609375 0.43828125 0.0921875 0.1484375
0 0.1015625 0.5484375 0.11875 0.1421875
0 0.18125 0.87578125 0.3625 0.2484375
0 0.6484375 0.79296875 0.215625 0.2453125
0 0.80546875 0.94375 0.33125 0.1125
0 0.95546875 0.29296875 0.0890625 0.2796875