0 0.47734375 0.99140625 0.11875 0.0171875
0 0.52109375 0.946875 0.15 0.096875
0 0.621875 0.89375 0.1328125 0.08125
0 0.734375 0.865625 0.153125 0.096875
0 0.89921875 0.84453125 0.2 0.1640625
0 0.97265625 0.846875 0.0546875 0.1171875
0 0.88984375 0.58203125 0.2203125 0.1265625
0 0.9078125 0.40390625 0.184375 0.11875
0 0.85625 0.4515625 0.228125 0.1
0 0.759375 0.28828125 0.2125 0.1125
0 0.72421875 0.23203125 0.1609375 0.0875
0 0.2765625 0.546875 0.409375 0.6078125
0 0.4921875 0.121875 0.134375 0.078125
0 0.446875 0.04296875 0.1046875 0.065625
0 0.43984375 0.1625 0.11875 0.065625
0 0.42890625 0.10078125 0.090625 0.0484375
0 0.9390625 0.953125 0.121875 0.09375