0 0.36640625 0.91796875 0.059375 0.075
0 0.29921875 0.96171875 0.05625 0.0765625
0 0.61640625 0.95859375 0.0703125 0.0828125
0 0.6390625 0.5546875 0.046875 0.084375
0 0.75 0.309375 0.0671875 0.075
0 0.85859375 0.37890625 0.05625 0.0671875
0 0.834375 0.428125 0.053125 0.0984375
0 0.74375 0.1125 0.040625 0.059375
0 0.69296875 0.02890625 0.04375 0.0578125
0 0.734375 0.0546875 0.0625 0.05625
0 0.59140625 0.5140625 0.053125 0.0625
0 0.59375 0.584375 0.0625 0.071875
0 0.54375 0.57265625 0.0578125 0.05
0 0.5921875 0.65234375 0.0703125 0.115625
0 0.53046875 0.63828125 0.06875 0.09375
0 0.54765625 0.68984375 0.075 0.0890625
0 0.56875 0.73984375 0.071875 0.09375
0 0.57734375 0.80859375 0.0671875 0.0796875
0 0.6953125 0.34609375 0.071875 0.103125
0 0.76484375 0.39609375 0.0625 0.0875
0 0.7640625 0.46484375 0.071875 0.0765625
0 0.74453125 0.5296875 0.06875 0.10625
0 0.7578125 0.59609375 0.06875 0.1125
0 0.73828125 0.67578125 0.040625 0.078125
0 0.68125 0.68984375 0.05 0.121875
0 0.73125 0.734375 0.0625 0.075
0 0.7890625 0.89609375 0.034375 0.0625
0 0.85625 0.9078125 0.0484375 0.0625
0 0.64375 0.79921875 0.028125 0.046875
0 0.66171875 0.86796875 0.034375 0.0671875
0 0.63828125 0.89375 0.04375 0.053125
0 0.56484375 0.903125 0.053125 0.034375
0 0.4203125 0.21875 0.046875 0.06875
0 0.42578125 0.28984375 0.04375 0.053125
0 0.47578125 0.36796875 0.05 0.0578125
0 0.48125 0.26875 0.0625 0.096875
0 0.896875 0.346875 0.04375 0.065625
0 0.93515625 0.4109375 0.04375 0.06875
0 0.9453125 0.51484375 0.053125 0.13125
0 0.99140625 0.515625 0.015625 0.0765625
0 0.9828125 0.4390625 0.034375 0.053125
0 0.98515625 0.690625 0.0296875 0.065625
0 0.9078125 0.6125 0.0875 0.059375