0 0.33515625 0.62890625 0.0171875 0.015625
0 0.77890625 0.9625 0.040625 0.0359375
0 0.65859375 0.12265625 0.021875 0.015625
0 0.8171875 0.18671875 0.065625 0.05
0 0.0703125 0.8890625 0.0359375 0.028125
0 0.4421875 0.29609375 0.034375 0.025
0 0.21953125 0.61640625 0.028125 0.01875
0 0.4046875 0.0109375 0.0359375 0.021875
0 0.13515625 0.44296875 0.0328125 0.025
0 0.22578125 0.31640625 0.0640625 0.04375
0 0.33046875 0.84296875 0.053125 0.0390625
0 0.07265625 0.42578125 0.0265625 0.01875
0 0.60703125 0.05078125 0.0578125 0.0421875
0 0.28359375 0.3421875 0.04375 0.03125
0 0.31953125 0.8125 0.0484375 0.034375
0 0.10703125 0.4171875 0.034375 0.021875
0 0.61640625 0.95859375 0.05 0.0421875
0 0.17109375 0.6671875 0.0625 0.04375
0 0.1109375 0.49765625 0.025 0.01875
0 0.47578125 0.2546875 0.0546875 0.0375
0 0.278125 0.853125 0.028125 0.021875
0 0.50859375 0.80625 0.040625 0.03125
0 0.4796875 0.7828125 0.040625 0.034375
0 0.24375 0.62578125 0.040625 0.028125