0 0.28828125 0.271875 0.028125 0.040625
0 0.6265625 0.73984375 0.03125 0.0375
0 0.28671875 0.17890625 0.025 0.0359375
0 0.64296875 0.68203125 0.028125 0.0328125
0 0.46015625 0.0078125 0.0296875 0.015625
0 0.49140625 0.271875 0.028125 0.04375
0 0.359375 0.1140625 0.01875 0.03125
0 0.29375 0.1171875 0.025 0.034375
0 0.775 0.60625 0.040625 0.05
0 0.18359375 0.26171875 0.028125 0.0375
0 0.7234375 0.88828125 0.03125 0.04375
0 0.7109375 0.87421875 0.021875 0.0328125
0 0.46640625 0.1078125 0.0375 0.0515625
0 0.41953125 0.38671875 0.021875 0.03125
0 0.43984375 0.025 0.0359375 0.05
0 0.27421875 0.38203125 0.03125 0.0390625
0 0.81640625 0.6265625 0.034375 0.046875
0 0.21015625 0.26796875 0.0375 0.04375