0 0.3015625 0.26953125 0.02578125 0.0390625
0 0.61953125 0.70859375 0.03046875 0.03515625
0 0.3 0.18203125 0.02265625 0.03359375
0 0.634375 0.6546875 0.02578125 0.03125
0 0.46328125 0.01484375 0.028125 0.02890625
0 0.4921875 0.26953125 0.0265625 0.0421875
0 0.36875 0.121875 0.01875 0.02890625
0 0.30703125 0.125 0.0234375 0.03203125
0 0.75859375 0.58359375 0.03828125 0.04765625
0 0.203125 0.26015625 0.025 0.0359375
0 0.71015625 0.84765625 0.02890625 0.040625
0 0.6984375 0.834375 0.021875 0.03125
0 0.46875 0.115625 0.034375 0.0484375
0 0.425 0.37734375 0.01953125 0.0296875
0 0.44453125 0.034375 0.03359375 0.0546875
0 0.2890625 0.37265625 0.02890625 0.03671875
0 0.79765625 0.6015625 0.03359375 0.04296875
0 0.228125 0.26640625 0.034375 0.040625