0 0.3578125 0.31484375 0.01328125 0.01484375
0 0.05546875 0.71640625 0.03203125 0.03671875
0 0.815625 0.6078125 0.01484375 0.0203125
0 0.7578125 0.7515625 0.04453125 0.06015625
0 0.12265625 0.07578125 0.0265625 0.03203125
0 0.659375 0.41171875 0.0234375 0.03046875
0 0.36953125 0.21015625 0.01796875 0.025
0 0.92265625 0.378125 0.02890625 0.03203125
0 0.5265625 0.134375 0.021875 0.0296875
0 0.640625 0.215625 0.0390625 0.0578125
0 0.1640625 0.3109375 0.03515625 0.04765625
0 0.54140625 0.07734375 0.01640625 0.02421875
0 0.88125 0.5609375 0.03828125 0.05234375
0 0.6171875 0.26875 0.02890625 0.0390625
0 0.19140625 0.30078125 0.03046875 0.04375
0 0.54921875 0.10859375 0.01953125 0.03125
0 0.059375 0.56953125 0.03828125 0.04453125
0 0.3234375 0.16640625 0.040625 0.05546875
0 0.4765625 0.11171875 0.0171875 0.021875
0 0.69609375 0.4421875 0.03515625 0.04921875
0 0.1546875 0.26328125 0.02109375 0.02578125
0 0.19765625 0.471875 0.02890625 0.03671875
0 0.21796875 0.44609375 0.03125 0.03671875
0 0.36015625 0.23203125 0.025 0.03671875