2 0.171875 0.95390625 0.0390625 0.046875
2 0.2953125 0.71484375 0.059375 0.0875
2 0.34140625 0.8328125 0.065625 0.0734375
2 0.365625 0.71796875 0.065625 0.0703125
2 0.378125 0.7890625 0.05625 0.046875
2 0.39765625 0.70078125 0.053125 0.059375
2 0.46640625 0.6125 0.0296875 0.034375
2 0.503125 0.66796875 0.04375 0.0375
2 0.54765625 0.36796875 0.046875 0.046875
2 0.6734375 0.90625 0.034375 0.040625
2 0.8015625 0.95234375 0.028125 0.0515625
2 0.8109375 0.98359375 0.040625 0.0328125
2 0.91875 0.71796875 0.028125 0.021875
2 0.9 0.52578125 0.025 0.025
2 0.840625 0.4703125 0.0296875 0.028125
2 0.6546875 0.36875 0.034375 0.0375
2 0.64921875 0.33671875 0.034375 0.034375
2 0.46484375 0.615625 0.025 0.034375
2 0.6234375 0.3734375 0.025 0.0375
2 0.77578125 0.41015625 0.01875 0.03125
1 0.5 0.5 0.1 0.1