2 0.48984375 0.7625 0.125 0.13125
2 0.41875 0.65 0.15 0.159375
2 0.32890625 0.6484375 0.10625 0.146875
2 0.68515625 0.625 0.096875 0.109375
2 0.5109375 0.4921875 0.059375 0.05625
2 0.46953125 0.4234375 0.0859375 0.0875
2 0.4640625 0.334375 0.0859375 0.090625
2 0.4046875 0.2875 0.0734375 0.1
2 0.39296875 0.359375 0.059375 0.0875
2 0.28671875 0.2921875 0.08125 0.1
2 0.2390625 0.2890625 0.0625 0.103125
2 0.16171875 0.171875 0.0671875 0.0921875
2 0.01484375 0.29140625 0.0296875 0.0640625
2 0.73359375 0.33203125 0.0890625 0.103125
1 0.5 0.5 0.1 0.1