2 0.2125 0.9734375 0.1625 0.053125
2 0.425 0.9734375 0.190625 0.053125
2 0.51015625 0.99140625 0.159375 0.0171875
2 0.3640625 0.90078125 0.2453125 0.1
2 0.2953125 0.95 0.115625 0.0828125
2 0.046875 0.9328125 0.09375 0.0828125
2 0.04765625 0.8484375 0.0953125 0.090625
2 0.15234375 0.85234375 0.1703125 0.125
2 0.28515625 0.82421875 0.10625 0.0890625
2 0.40390625 0.81796875 0.1953125 0.0875
2 0.0390625 0.75625 0.078125 0.090625
2 0.1484375 0.7546875 0.1703125 0.0890625
2 0.12421875 0.6625 0.16875 0.0953125
2 0.06875 0.5828125 0.1375 0.11875
2 0.35625 0.73671875 0.1796875 0.0875
2 0.571875 0.9390625 0.1703125 0.084375
2 0.5796875 0.85859375 0.125 0.09375
2 0.6609375 0.86484375 0.1265625 0.0953125
2 0.7703125 0.92578125 0.134375 0.109375
2 0.82578125 0.98515625 0.134375 0.0296875
2 0.90703125 0.940625 0.140625 0.071875
2 0.87265625 0.84921875 0.225 0.1140625
2 0.725 0.778125 0.165625 0.1015625
2 0.58203125 0.775 0.1375 0.08125
2 0.43515625 0.6359375 0.25625 0.103125
2 0.503125 0.725 0.140625 0.096875
2 0.24453125 0.5546875 0.165625 0.0765625
2 0.28828125 0.63984375 0.140625 0.121875
2 0.38515625 0.53828125 0.15 0.1046875
2 0.49921875 0.5375 0.15625 0.1171875
2 0.0453125 0.3859375 0.090625 0.09375
2 0.03671875 0.475 0.071875 0.0984375
2 0.1234375 0.528125 0.1203125 0.08125
2 0.23046875 0.47109375 0.15625 0.0953125
2 0.33984375 0.45546875 0.178125 0.084375
2 0.0890625 0.23828125 0.178125 0.103125
2 0.83046875 0.19765625 0.190625 0.0875
2 0.890625 0.26484375 0.1375 0.075
2 0.15234375 0.30390625 0.1703125 0.090625
2 0.1734375 0.39453125 0.15625 0.090625
2 0.25703125 0.334375 0.153125 0.06875
2 0.321875 0.384375 0.1265625 0.071875
2 0.07109375 0.06328125 0.140625 0.1
2 0.221875 0.0578125 0.165625 0.08125
2 0.259375 0.18359375 0.15625 0.10625
2 0.31796875 0.25390625 0.140625 0.0703125
2 0.39765625 0.29765625 0.1359375 0.09375
2 0.04921875 0.0171875 0.096875 0.034375
2 0.346875 0.06171875 0.1265625 0.1
2 0.40390625 0.1859375 0.1375 0.128125
2 0.4703125 0.1140625 0.146875 0.0921875
2 0.47421875 0.03359375 0.2359375 0.065625
2 0.44140625 0.38828125 0.13125 0.1140625
2 0.52421875 0.440625 0.146875 0.103125
2 0.53828125 0.29140625 0.15 0.125
2 0.55859375 0.16328125 0.146875 0.096875
2 0.61015625 0.375 0.1703125 0.0609375
2 0.6828125 0.6609375 0.209375 0.103125
2 0.6703125 0.08203125 0.171875 0.096875
2 0.68359375 0.171875 0.1609375 0.0875
2 0.62578125 0.24296875 0.1203125 0.0875
2 0.72109375 0.25625 0.15625 0.08125
2 0.771875 0.34609375 0.153125 0.1
2 0.67109375 0.45390625 0.178125 0.125
2 0.66875 0.5546875 0.190625 0.08125
2 0.80546875 0.59609375 0.1859375 0.08125
2 0.82578125 0.5046875 0.134375 0.103125
2 0.87734375 0.68359375 0.1765625 0.1015625
2 0.85234375 0.7359375 0.153125 0.0625
2 0.9328125 0.77265625 0.1109375 0.0671875
2 0.9796875 0.93828125 0.040625 0.103125
2 0.984375 0.6671875 0.03125 0.084375
2 0.903125 0.55546875 0.165625 0.1125
2 0.984375 0.5390625 0.03125 0.096875
2 0.93046875 0.45390625 0.1390625 0.0984375
2 0.99375 0.37890625 0.0125 0.0984375
2 0.92421875 0.353125 0.1515625 0.103125
2 0.98671875 0.1796875 0.0265625 0.0875
2 0.98671875 0.2609375 0.0265625 0.090625
2 0.9671875 0.1171875 0.065625 0.09375
2 0.80859375 0.05 0.15625 0.1
2 0.809375 0.1125 0.1359375 0.078125
2 0.9265625 0.1703125 0.140625 0.121875
2 0.9375 0.02109375 0.125 0.040625
2 0.93828125 0.06953125 0.1234375 0.0734375
2 0.18984375 0.00859375 0.190625 0.015625