2 0.89375 0.2875 0.021875 0.009375
2 0.6890625 0.41796875 0.01875 0.009375
2 0.70078125 0.434375 0.0171875 0.009375
2 0.41875 0.30390625 0.021875 0.009375
2 0.403125 0.3078125 0.021875 0.0125
2 0.4234375 0.3125 0.021875 0.0109375
2 0.440625 0.3015625 0.01875 0.0109375
2 0.3671875 0.31015625 0.025 0.009375
2 0.30859375 0.37890625 0.021875 0.0109375
2 0.284375 0.36796875 0.0203125 0.00625
2 0.43515625 0.2546875 0.0125 0.00625
2 0.27109375 0.33984375 0.0203125 0.009375
2 0.96015625 0.27265625 0.01875 0.0078125
2 0.5015625 0.08125 0.0234375 0.009375
2 0.4796875 0.08046875 0.021875 0.009375
1 0.5 0.5 0.1 0.1