0 0.5359375 0.36171875 0.01875 0.00859375
0 0.5546875 0.37421875 0.01953125 0.009375
0 0.7765625 0.31484375 0.0171875 0.00859375
0 0.78046875 0.31953125 0.01796875 0.0078125
0 0.7640625 0.31640625 0.0140625 0.0078125
0 0.7671875 0.30859375 0.0171875 0.0078125
0 0.82578125 0.29140625 0.015625 0.0078125
0 0.8234375 0.28359375 0.0140625 0.00546875
0 0.75546875 0.2640625 0.01640625 0.0078125
0 0.59453125 0.3265625 0.015625 0.00625
0 0.62734375 0.64375 0.0125 0.00703125
0 0.475 0.20546875 0.0109375 0.00625