0 0.6328125 0.4 0.00625 0.0125
0 0.35390625 0.5078125 0.009375 0.0171875
0 0.23203125 0.85546875 0.0078125 0.021875
0 0.3171875 0.45 0.00625 0.015625
0 0.13671875 0.284375 0.0078125 0.015625
0 0.3390625 0.34765625 0.009375 0.01875
0 0.30078125 0.2609375 0.009375 0.0171875
0 0.30546875 0.25625 0.009375 0.01875
0 0.30234375 0.27109375 0.009375 0.0171875
0 0.29453125 0.2703125 0.009375 0.01875
0 0.2765625 0.21328125 0.009375 0.015625
0 0.26875 0.215625 0.0078125 0.015625
0 0.265625 0.1625 0.00625 0.009375
0 0.25 0.28515625 0.00625 0.0140625
0 0.26953125 0.12421875 0.00625 0.0125