0 0.60546875 0.47578125 0.0046875 0.009375
0 0.4359375 0.99140625 0.00625 0.0125
0 0.271875 0.3703125 0.00625 0.0109375
0 0.31015625 0.2484375 0.00625 0.0125
0 0.28671875 0.2328125 0.00625 0.015625
0 0.31875 0.34609375 0.0078125 0.015625
0 0.315625 0.359375 0.00625 0.015625
0 0.33203125 0.51796875 0.00625 0.015625
0 0.35 0.4265625 0.00625 0.0125
0 0.309375 0.35859375 0.0078125 0.015625
0 0.29453125 0.31015625 0.00625 0.015625
0 0.2890625 0.3109375 0.00625 0.0125
0 0.3640625 0.5671875 0.00625 0.015625