0 0.6203125 0.4359375 0.03125 0.015625
0 0.5984375 0.43359375 0.0375 0.015625
0 0.61328125 0.42109375 0.03125 0.015625
0 0.2671875 0.37734375 0.0390625 0.01875
0 0.05546875 0.42109375 0.04375 0.021875
0 0.08515625 0.45703125 0.0421875 0.01875
0 0.0859375 0.4921875 0.0265625 0.009375
0 0.42890625 0.46875 0.0328125 0.015625
0 0.75 0.415625 0.03125 0.0140625
0 0.76015625 0.40234375 0.0296875 0.0140625
0 0.821875 0.4171875 0.028125 0.0125
0 0.80234375 0.40859375 0.025 0.0140625
0 0.753125 0.453125 0.034375 0.0140625
0 0.7375 0.44296875 0.0296875 0.0125
0 0.81953125 0.42421875 0.0296875 0.0140625
0 0.84375 0.43359375 0.0265625 0.0125
0 0.83515625 0.44375 0.0296875 0.0125
0 0.809375 0.4671875 0.025 0.015625
0 0.1703125 0.35625 0.0375 0.01875
0 0.82109375 0.17578125 0.025 0.0125
0 0.81484375 0.184375 0.025 0.0125
0 0.67578125 0.33828125 0.034375 0.015625
0 0.61640625 0.446875 0.034375 0.0140625