0 0.753125 0.3109375 0.03359375 0.015625
0 0.85234375 0.36875 0.0296875 0.01328125
0 0.84453125 0.3828125 0.03125 0.01484375
0 0.91796875 0.38046875 0.0296875 0.01328125
0 0.9171875 0.38828125 0.02890625 0.01328125
0 0.8953125 0.37265625 0.028125 0.01328125
0 0.7125 0.39609375 0.0328125 0.01484375
0 0.721875 0.4109375 0.0296875 0.015625
0 0.72109375 0.421875 0.034375 0.0140625
0 0.7 0.409375 0.0359375 0.015625
0 0.85859375 0.41953125 0.03515625 0.01484375
0 0.84140625 0.4109375 0.028125 0.01328125
0 0.36484375 0.37109375 0.03984375 0.0171875
0 0.17890625 0.4234375 0.0421875 0.01875
0 0.26953125 0.35703125 0.034375 0.01640625
0 0.8625 0.13828125 0.028125 0.0125
0 0.8578125 0.1484375 0.0265625 0.0125
0 0.54296875 0.45078125 0.03125 0.0140625
0 0.2140625 0.45546875 0.04140625 0.01875
0 0.2296875 0.4921875 0.0203125 0.0078125