0 0.80390625 0.5796875 0.1203125 0.175
0 0.75625 0.4296875 0.1078125 0.115625
0 0.334375 0.253125 0.1203125 0.146875
0 0.21171875 0.1984375 0.134375 0.1125
0 0.09140625 0.10625 0.1140625 0.1625
0 0.346875 0.434375 0.1078125 0.1875
0 0.66328125 0.57109375 0.1078125 0.1796875
0 0.775 0.2859375 0.125 0.128125
0 0.6734375 0.2109375 0.1 0.121875
0 0.18359375 0.440625 0.1 0.159375
0 0.10390625 0.6421875 0.121875 0.1046875
0 0.12578125 0.328125 0.1 0.1203125
0 0.63359375 0.7796875 0.096875 0.14375
0 0.85546875 0.95078125 0.096875 0.0984375
0 0.71640625 0.91015625 0.11875 0.140625
0 0.76640625 0.971875 0.109375 0.05625
0 0.6015625 0.68125 0.13125 0.13125
0 0.6828125 0.34453125 0.09375 0.15
0 0.896875 0.3515625 0.1203125 0.11875
0 0.9578125 0.36875 0.084375 0.11875
0 0.88359375 0.1640625 0.08125 0.15625
0 0.98046875 0.528125 0.0375 0.1125
0 0.73671875 0.746875 0.0890625 0.13125
0 0.18125 0.6890625 0.065625 0.103125
0 0.39375 0.94140625 0.08125 0.115625
0 0.02578125 0.0953125 0.0515625 0.146875
0 0.8609375 0.8296875 0.096875 0.1609375
0 0.0546875 0.78203125 0.0765625 0.1203125
0 0.35859375 0.9859375 0.090625 0.028125