0 0.46484375 0.61328125 0.009375 0.0125
0 0.4671875 0.60234375 0.0125 0.015625
0 0.453125 0.6015625 0.0125 0.015625
0 0.41484375 0.69296875 0.0125 0.015625
0 0.4125 0.71953125 0.0125 0.01875
0 0.4203125 0.6625 0.0109375 0.015625
0 0.959375 0.87734375 0.01875 0.015625
0 0.9484375 0.85859375 0.015625 0.015625
0 0.92578125 0.92421875 0.015625 0.015625
0 0.9125 0.93359375 0.0109375 0.0171875
0 0.99296875 0.64453125 0.0140625 0.0140625
0 0.878125 0.62890625 0.0140625 0.0109375
0 0.865625 0.61484375 0.015625 0.0140625
0 0.79609375 0.74453125 0.0171875 0.015625
0 0.7859375 0.65 0.009375 0.015625
0 0.759375 0.8703125 0.0109375 0.015625
0 0.78828125 0.90390625 0.0140625 0.0125
0 0.70703125 0.678125 0.0125 0.015625
0 0.68515625 0.69921875 0.0109375 0.0171875
0 0.6578125 0.86328125 0.015625 0.015625
0 0.625 0.88828125 0.0125 0.01875
0 0.6453125 0.8515625 0.009375 0.01875
0 0.6140625 0.9078125 0.0125 0.01875
0 0.590625 0.74921875 0.0140625 0.015625
0 0.525 0.909375 0.0125 0.0125
0 0.5484375 0.9203125 0.0140625 0.01875
0 0.528125 0.73515625 0.015625 0.0171875
0 0.32890625 0.74609375 0.009375 0.0125
0 0.39453125 0.81875 0.0125 0.0125
0 0.3796875 0.83203125 0.009375 0.0125
0 0.34609375 0.77265625 0.0078125 0.0109375
0 0.21015625 0.99140625 0.009375 0.0140625
0 0.2375 0.99609375 0.009375 0.0078125
0 0.196875 0.89453125 0.00625 0.0109375
0 0.21953125 0.66875 0.0078125 0.009375
0 0.2078125 0.64765625 0.009375 0.0109375
0 0.2921875 0.66953125 0.00625 0.009375
0 0.365625 0.678125 0.00625 0.0125
0 0.27421875 0.553125 0.0078125 0.0125
0 0.2828125 0.55390625 0.009375 0.0125
0 0.4171875 0.60390625 0.00625 0.0078125
0 0.42421875 0.6015625 0.00625 0.0109375
0 0.371875 0.5265625 0.00625 0.0125
0 0.36875 0.5125 0.00625 0.009375
0 0.3875 0.421875 0.009375 0.0109375
0 0.37734375 0.42890625 0.009375 0.015625
0 0.3859375 0.43359375 0.009375 0.009375
0 0.40078125 0.37734375 0.009375 0.00625
0 0.403125 0.37109375 0.009375 0.009375
0 0.51953125 0.38046875 0.009375 0.015625
0 0.41015625 0.79609375 0.009375 0.009375
0 0.29765625 0.4515625 0.0078125 0.015625
0 0.33125 0.428125 0.009375 0.0125
0 0.32265625 0.41171875 0.009375 0.009375
0 0.31796875 0.39609375 0.009375 0.0125
0 0.23828125 0.29140625 0.009375 0.0125
0 0.2015625 0.23125 0.009375 0.009375
0 0.2015625 0.21328125 0.00625 0.0109375
0 0.24765625 0.23046875 0.009375 0.009375
0 0.234375 0.22265625 0.009375 0.009375
0 0.21796875 0.23046875 0.009375 0.009375
0 0.21328125 0.2203125 0.00625 0.0125
0 0.26953125 0.1984375 0.00625 0.009375
0 0.2921875 0.17265625 0.0078125 0.009375
0 0.2453125 0.19375 0.00625 0.0125
0 0.234375 0.3640625 0.0125 0.0125
0 0.3921875 0.03828125 0.009375 0.0125
0 0.5109375 0.0125 0.0109375 0.015625
0 0.44296875 0.15390625 0.009375 0.015625
0 0.4203125 0.4046875 0.0109375 0.0125
0 0.9203125 0.04296875 0.0109375 0.015625
0 0.95859375 0.11640625 0.01875 0.01875
0 0.99375 0.403125 0.0125 0.0140625
0 0.9953125 0.43359375 0.009375 0.0125
0 0.990625 0.4640625 0.0125 0.009375
0 0.96875 0.42578125 0.0125 0.015625
0 0.9796875 0.41875 0.015625 0.015625
0 0.74453125 0.50546875 0.0125 0.0171875
0 0.72109375 0.6578125 0.009375 0.015625
0 0.8140625 0.59921875 0.0109375 0.0140625
0 0.3046875 0.38125 0.0125 0.015625
0 0.9 0.91953125 0.015625 0.015625
0 0.825 0.709375 0.0125 0.0109375
0 0.9796875 0.0078125 0.0171875 0.015625