0 0.07421875 0.97578125 0.05625 0.0484375
0 0.1484375 0.87734375 0.0640625 0.075
0 0.19765625 0.8578125 0.05625 0.0609375
0 0.1890625 0.91015625 0.05625 0.0640625
0 0.33984375 0.475 0.0890625 0.0984375
0 0.1359375 0.69140625 0.0484375 0.0609375
0 0.4171875 0.6125 0.0875 0.084375
0 0.46484375 0.57421875 0.08125 0.08125
0 0.4359375 0.49765625 0.08125 0.09375
0 0.50390625 0.4859375 0.09375 0.1015625
0 0.7875 0.015625 0.090625 0.03125
0 0.98203125 0.7046875 0.0359375 0.05625
0 0.75 0.4140625 0.065625 0.0640625