0 0.5421875 0.16796875 0.125 0.090625
0 0.434375 0.3703125 0.109375 0.103125
0 0.36796875 0.3359375 0.0859375 0.0890625
0 0.60625 0.4328125 0.1078125 0.0921875
0 0.58046875 0.5328125 0.0828125 0.0734375
0 0.8828125 0.70703125 0.078125 0.0671875
0 0.67890625 0.64140625 0.090625 0.06875
0 0.64375 0.609375 0.0671875 0.046875
0 0.53984375 0.5953125 0.0859375 0.078125
0 0.59609375 0.6984375 0.0625 0.0625
0 0.39453125 0.67109375 0.0703125 0.0546875
0 0.2390625 0.8390625 0.0875 0.0765625
0 0.52578125 0.62578125 0.0984375 0.0765625