0 0.57109375 0.11875 0.053125 0.075
0 0.54453125 0.453125 0.0546875 0.090625
0 0.609375 0.51640625 0.0375 0.05625
0 0.56171875 0.58359375 0.040625 0.109375
0 0.73203125 0.57421875 0.065625 0.1
0 0.796875 0.3796875 0.0515625 0.071875
0 0.675 0.33515625 0.0390625 0.065625
0 0.71640625 0.3328125 0.0390625 0.05625
0 0.81640625 0.34140625 0.065625 0.084375
0 0.8578125 0.3078125 0.075 0.084375
0 0.38359375 0.73125 0.06875 0.121875
0 0.9484375 0.0359375 0.0625 0.071875
0 0.99140625 0.078125 0.0171875 0.0953125