0 0.35390625 0.6234375 0.06875 0.084375
0 0.409375 0.5828125 0.0921875 0.084375
0 0.3609375 0.346875 0.0796875 0.05
0 0.31484375 0.3 0.0640625 0.08125
0 0.490625 0.478125 0.084375 0.096875
0 0.53671875 0.2765625 0.0921875 0.0671875
0 0.565625 0.34609375 0.1 0.090625
0 0.63359375 0.40859375 0.09375 0.0875
0 0.71796875 0.29453125 0.09375 0.0625
0 0.76875 0.165625 0.103125 0.0640625
0 0.67890625 0.37265625 0.0515625 0.0671875
0 0.76328125 0.35703125 0.08125 0.0765625
0 0.78515625 0.3203125 0.0796875 0.059375