0 0.096875 0.3203125 0.0953125 0.1
0 0.12109375 0.24296875 0.11875 0.06875
0 0.19765625 0.334375 0.0875 0.090625
0 0.3203125 0.37265625 0.1046875 0.08125
0 0.31015625 0.23984375 0.0875 0.078125
0 0.38671875 0.28828125 0.08125 0.0875
0 0.50703125 0.12734375 0.071875 0.046875
0 0.471875 0.29375 0.05625 0.08125
0 0.26640625 0.4640625 0.084375 0.053125
0 0.5875 0.4203125 0.1015625 0.075
0 0.65234375 0.23046875 0.084375 0.078125
0 0.73984375 0.19921875 0.08125 0.0875
0 0.51953125 0.2859375 0.075 0.125
0 0.64609375 0.55859375 0.084375 0.065625
0 0.3921875 0.51953125 0.071875 0.0796875
0 0.3296875 0.5671875 0.084375 0.078125
0 0.746875 0.41328125 0.06875 0.0625
0 0.70859375 0.56328125 0.071875 0.1015625
0 0.56640625 0.90703125 0.0578125 0.065625