0 0.16875 0.34375 0.0875 0.09140625
0 0.190625 0.27265625 0.109375 0.06328125
0 0.2609375 0.35625 0.08046875 0.08359375
0 0.37265625 0.39140625 0.09609375 0.07421875
0 0.3640625 0.26953125 0.08046875 0.07109375
0 0.434375 0.3140625 0.0734375 0.08046875
0 0.54375 0.16640625 0.065625 0.04375
0 0.51171875 0.31953125 0.0515625 0.07421875
0 0.3234375 0.47578125 0.078125 0.04921875
0 0.6171875 0.43515625 0.09296875 0.06875
0 0.67734375 0.26171875 0.0765625 0.07109375
0 0.75703125 0.23203125 0.075 0.07890625
0 0.55546875 0.31171875 0.06953125 0.11328125
0 0.67109375 0.56171875 0.078125 0.06015625
0 0.4390625 0.52578125 0.06640625 0.07265625
0 0.38203125 0.56953125 0.078125 0.07109375
0 0.76328125 0.42890625 0.0625 0.05703125
0 0.728125 0.56640625 0.065625 0.09296875
0 0.5984375 0.88125 0.053125 0.06015625