0 0.278125 0.21640625 0.01640625 0.01015625
0 0.28515625 0.25078125 0.01640625 0.009375
0 0.27734375 0.2609375 0.0125 0.01015625
0 0.27265625 0.23359375 0.0109375 0.01015625
0 0.29453125 0.1515625 0.0125 0.0125
0 0.30546875 0.14921875 0.0109375 0.01171875
0 0.4046875 0.6609375 0.01171875 0.0078125
0 0.4171875 0.66015625 0.0125 0.00703125
0 0.4140625 0.671875 0.0125 0.0078125
0 0.46875 0.64765625 0.00859375 0.0109375
0 0.4625 0.625 0.0203125 0.009375
0 0.4734375 0.66328125 0.0109375 0.0109375
0 0.4671875 0.66796875 0.00859375 0.0125
0 0.4125 0.83671875 0.0078125 0.009375
0 0.39921875 0.83671875 0.01015625 0.00859375
0 0.43203125 0.8125 0.01484375 0.00703125
0 0.44296875 0.8140625 0.0078125 0.0109375
0 0.45546875 0.7953125 0.01328125 0.00859375
0 0.5359375 0.68515625 0.0109375 0.01171875
0 0.71796875 0.83515625 0.01015625 0.009375
0 0.55703125 0.8484375 0.0109375 0.01171875
0 0.9375 0.3984375 0.01171875 0.0109375
0 0.9484375 0.37109375 0.01015625 0.01171875
0 0.95 0.3796875 0.0125 0.009375
0 0.94375 0.4265625 0.02265625 0.01171875
0 0.83828125 0.26328125 0.01015625 0.0109375
0 0.95 0.28125 0.01015625 0.009375
0 0.88359375 0.29140625 0.0109375 0.0109375
0 0.025 0.5796875 0.01875 0.0125
0 0.0609375 0.57890625 0.0171875 0.009375
0 0.04375 0.6 0.0171875 0.0140625
0 0.0609375 0.59140625 0.01640625 0.01015625