0 0.25390625 0.23046875 0.01875 0.0109375
0 0.2609375 0.2671875 0.0171875 0.009375
0 0.253125 0.27890625 0.0125 0.0109375
0 0.24765625 0.2484375 0.0125 0.0109375
0 0.27109375 0.159375 0.0140625 0.0125
0 0.28359375 0.15625 0.0125 0.0125
0 0.3921875 0.71484375 0.0125 0.009375
0 0.40546875 0.71484375 0.0125 0.0078125
0 0.403125 0.7265625 0.0125 0.009375
0 0.4625 0.70078125 0.009375 0.0125
0 0.45546875 0.67578125 0.021875 0.009375
0 0.4671875 0.71796875 0.0125 0.0125
0 0.46015625 0.7234375 0.009375 0.0125
0 0.40078125 0.90703125 0.009375 0.009375
0 0.38671875 0.90703125 0.0109375 0.009375
0 0.421875 0.88046875 0.015625 0.00625
0 0.434375 0.8828125 0.009375 0.0125
0 0.44765625 0.8625 0.015625 0.009375
0 0.53515625 0.7421875 0.0125 0.0125
0 0.734375 0.90546875 0.0109375 0.009375
0 0.55859375 0.91953125 0.0125 0.0125
0 0.97421875 0.428125 0.0125 0.0125
0 0.98671875 0.39921875 0.0109375 0.0125
0 0.98828125 0.4078125 0.0125 0.009375
0 0.98125 0.46015625 0.025 0.0125
0 0.86640625 0.28125 0.0109375 0.0125
0 0.98828125 0.30078125 0.0109375 0.009375
0 0.915625 0.31171875 0.0125 0.0125
0 0.01640625 0.62578125 0.01875 0.009375
0 0.00390625 0.64765625 0.00625 0.015625
0 0.01640625 0.6390625 0.01875 0.0109375