0 0.25625 0.34140625 0.08671875 0.1171875
0 0.3671875 0.21796875 0.0625 0.14140625
0 0.178125 0.4328125 0.0703125 0.10546875
0 0.33984375 0.5625 0.07734375 0.1453125
0 0.46328125 0.47421875 0.071875 0.1078125
0 0.47890625 0.6890625 0.1046875 0.1078125
0 0.34375 0.36015625 0.08828125 0.115625
0 0.1984375 0.16953125 0.06875 0.13125
0 0.221875 0.30078125 0.0703125 0.13125
0 0.26875 0.48203125 0.08671875 0.11171875
0 0.53359375 0.50078125 0.08671875 0.10546875
0 0.44765625 0.28046875 0.0640625 0.1234375
0 0.63515625 0.5046875 0.08671875 0.14140625
0 0.6859375 0.55625 0.0703125 0.1296875
0 0.73046875 0.52734375 0.07890625 0.14375
0 0.95625 0.42734375 0.053125 0.11328125
0 0.9296875 0.67734375 0.0703125 0.1390625
0 0.85234375 0.79609375 0.0640625 0.1234375
0 0.97734375 0.8109375 0.0453125 0.140625
0 0.5765625 0.715625 0.09140625 0.10546875
0 0.65390625 0.6640625 0.0609375 0.12578125
0 0.725 0.71171875 0.07421875 0.153125
0 0.7703125 0.78671875 0.0671875 0.1515625
0 0.83671875 0.75546875 0.0703125 0.1375
0 0.8609375 0.89375 0.07265625 0.13125
0 0.41015625 0.58671875 0.0625 0.15703125
0 0.69765625 0.88515625 0.07421875 0.15703125
0 0.64140625 0.84453125 0.059375 0.13515625