0 0.43828125 0.85078125 0.1484375 0.165625
0 0.30078125 0.09765625 0.1 0.1375
0 0.54375 0.05078125 0.09375 0.1
0 0.1015625 0.6125 0.0890625 0.196875
0 0.1109375 0.46875 0.1 0.1421875
0 0.38984375 0.0875 0.084375 0.134375
0 0.43828125 0.1015625 0.1 0.146875
0 0.6703125 0.0703125 0.115625 0.140625
0 0.765625 0.190625 0.0890625 0.1875
0 0.68359375 0.13984375 0.0890625 0.146875
0 0.83203125 0.2765625 0.0984375 0.109375
0 0.8765625 0.52734375 0.0875 0.1625
0 0.69140625 0.8140625 0.1 0.178125
0 0.23046875 0.18125 0.0828125 0.1203125
0 0.13671875 0.340625 0.1125 0.146875
0 0.24921875 0.32578125 0.1203125 0.1203125
0 0.48671875 0.24453125 0.096875 0.175
0 0.62578125 0.253125 0.1 0.128125
0 0.5515625 0.4 0.125 0.1375
0 0.6796875 0.51875 0.078125 0.175
0 0.20859375 0.57890625 0.125 0.134375
0 0.3765625 0.371875 0.084375 0.140625
0 0.4109375 0.26953125 0.08125 0.109375
0 0.45 0.3875 0.06875 0.13125
0 0.40625 0.5 0.121875 0.128125
0 0.2921875 0.46796875 0.10625 0.140625
0 0.3875 0.71875 0.0875 0.1375
0 0.496875 0.721875 0.1140625 0.146875
0 0.5625 0.83125 0.084375 0.1875
0 0.8078125 0.77421875 0.078125 0.134375
0 0.64375 0.6265625 0.096875 0.19375
0 0.5375 0.61328125 0.115625 0.165625
0 0.58515625 0.51875 0.084375 0.109375
0 0.43046875 0.61640625 0.0890625 0.1203125
0 0.32421875 0.628125 0.1 0.159375
0 0.246875 0.7078125 0.096875 0.13125
0 0.1734375 0.7515625 0.084375 0.159375
0 0.24453125 0.85703125 0.096875 0.14375
0 0.31171875 0.78828125 0.103125 0.1546875
0 0.7890625 0.48828125 0.078125 0.165625
0 0.6890625 0.334375 0.096875 0.1265625
0 0.83828125 0.39140625 0.125 0.115625
0 0.76171875 0.66484375 0.11875 0.1375
0 0.8265625 0.6453125 0.075 0.1703125
0 0.63359375 0.94609375 0.1234375 0.1078125
0 0.50546875 0.9546875 0.1125 0.090625
0 0.33125 0.9296875 0.090625 0.140625
0 0.49921875 0.496875 0.0671875 0.121875