0 0.43203125 0.846875 0.146875 0.1625
0 0.296875 0.10234375 0.0984375 0.13671875
0 0.53671875 0.05625 0.09453125 0.10546875
0 0.1 0.6109375 0.08828125 0.19453125
0 0.109375 0.46953125 0.0984375 0.140625
0 0.384375 0.0921875 0.0828125 0.1328125
0 0.43203125 0.10625 0.09921875 0.14453125
0 0.6625 0.07421875 0.11328125 0.14453125
0 0.7546875 0.19453125 0.08828125 0.18671875
0 0.67421875 0.14375 0.08828125 0.14453125
0 0.8203125 0.27890625 0.096875 0.109375
0 0.8640625 0.5265625 0.08515625 0.1609375
0 0.68203125 0.81015625 0.0984375 0.1765625
0 0.22734375 0.184375 0.08203125 0.11875
0 0.134375 0.3421875 0.1109375 0.14453125
0 0.2453125 0.32734375 0.11875 0.11875
0 0.4796875 0.246875 0.09453125 0.17265625
0 0.61640625 0.25625 0.0984375 0.12734375
0 0.54375 0.40078125 0.1234375 0.13515625
0 0.6703125 0.51875 0.078125 0.17265625
0 0.20546875 0.578125 0.12265625 0.1328125
0 0.37109375 0.37265625 0.084375 0.1390625
0 0.4046875 0.271875 0.08046875 0.10703125
0 0.44296875 0.3890625 0.06796875 0.13125
0 0.40078125 0.5 0.11953125 0.12734375
0 0.2875 0.46796875 0.10546875 0.1390625
0 0.38203125 0.71640625 0.08515625 0.13515625
0 0.48984375 0.71953125 0.1125 0.14453125
0 0.55390625 0.82734375 0.0828125 0.18671875
0 0.79609375 0.77109375 0.0765625 0.1328125
0 0.634375 0.625 0.0953125 0.190625
0 0.5296875 0.6125 0.11328125 0.16484375
0 0.57734375 0.51875 0.0828125 0.109375
0 0.42421875 0.61484375 0.08828125 0.11875
0 0.31953125 0.62734375 0.0984375 0.15859375
0 0.24296875 0.70546875 0.0953125 0.12890625
0 0.17109375 0.74921875 0.084375 0.15703125
0 0.24140625 0.853125 0.09453125 0.14296875
0 0.30703125 0.784375 0.10234375 0.153125
0 0.778125 0.48828125 0.0765625 0.1625
0 0.67890625 0.33671875 0.0953125 0.125
0 0.8265625 0.39296875 0.12265625 0.11484375
0 0.75078125 0.6625 0.11640625 0.13515625
0 0.81484375 0.64375 0.07421875 0.16875
0 0.6265625 0.9453125 0.11953125 0.109375
0 0.49765625 0.95234375 0.1109375 0.0953125
0 0.32734375 0.928125 0.0890625 0.14375
0 0.4921875 0.496875 0.06640625 0.12109375