0 0.43046875 0.1625 0.18046875 0.26484375
0 0.60859375 0.6109375 0.1984375 0.25234375
0 0.7421875 0.4890625 0.1515625 0.32734375
0 0.1734375 0.2625 0.178125 0.275
0 0.440625 0.68203125 0.15703125 0.2609375
0 0.5109375 0.4203125 0.19609375 0.303125
0 0.6625 0.3859375 0.1265625 0.30703125
0 0.9234375 0.3265625 0.15234375 0.25234375
0 0.878125 0.78515625 0.1515625 0.30078125
0 0.90078125 0.92578125 0.1890625 0.1484375
0 0.9390625 0.61953125 0.121875 0.25234375
0 0.73671875 0.78515625 0.1296875 0.25625
0 0.584375 0.1953125 0.1546875 0.2765625
0 0.21953125 0.47890625 0.1453125 0.31484375
0 0.0765625 0.56328125 0.1359375 0.30703125
0 0.31015625 0.7046875 0.15234375 0.20234375
0 0.428125 0.953125 0.1203125 0.09296875
0 0.61015625 0.93203125 0.15234375 0.13515625
0 0.57890625 0.85078125 0.15703125 0.23046875
0 0.38671875 0.4140625 0.1609375 0.2421875
0 0.33671875 0.08515625 0.115625 0.16953125
0 0.7765625 0.22734375 0.1890625 0.23671875
0 0.92109375 0.1078125 0.15703125 0.2125
0 0.74609375 0.0578125 0.24140625 0.11484375
0 0.03359375 0.33828125 0.0671875 0.1796875
0 0.09453125 0.2 0.14921875 0.14921875
0 0.2828125 0.2109375 0.09140625 0.18359375