0 0.1609375 0.54921875 0.2953125 0.203125
0 0.6609375 0.35078125 0.28125 0.221875
0 0.525 0.20078125 0.365625 0.16875
0 0.27265625 0.83828125 0.30625 0.2
0 0.73984375 0.5390625 0.290625 0.175
0 0.4484375 0.46015625 0.3375 0.21875
0 0.41015625 0.290625 0.3421875 0.140625
0 0.33671875 0.0421875 0.2828125 0.084375
0 0.84140625 0.06796875 0.3171875 0.1359375
0 0.9625 0.065625 0.075 0.13125
0 0.66875 0.02578125 0.284375 0.0515625
0 0.8546875 0.2078125 0.2859375 0.1453125
0 0.196875 0.37734375 0.309375 0.1734375
0 0.51328125 0.78671875 0.3515625 0.1625
0 0.60390625 0.93671875 0.3453125 0.1265625
0 0.765625 0.684375 0.225 0.1703125
0 0.96953125 0.3515625 0.0609375 0.1703125
0 0.8984375 0.38515625 0.203125 0.175
0 0.44140625 0.59921875 0.2703125 0.1796875
0 0.084375 0.65703125 0.16875 0.13125
0 0.2328125 0.1625 0.2625 0.2125
0 0.1078125 0.04609375 0.215625 0.0921875
0 0.05390625 0.1984375 0.1078125 0.26875
0 0.3515625 0.978125 0.203125 0.04375
0 0.19921875 0.92265625 0.16875 0.1546875
0 0.21484375 0.71484375 0.2046875 0.1015625