0 0.9296875 0.56484375 0.059375 0.084375
0 0.565625 0.40546875 0.10625 0.1625
0 0.13671875 0.1609375 0.1171875 0.165625
0 0.053125 0.0578125 0.10625 0.115625
0 0.33125 0.3109375 0.1296875 0.146875
0 0.67890625 0.60859375 0.11875 0.178125
0 0.82890625 0.65234375 0.121875 0.146875
0 0.9296875 0.74765625 0.1125 0.165625
0 0.7203125 0.8734375 0.103125 0.175
0 0.821875 0.878125 0.084375 0.128125
0 0.578125 0.7703125 0.1 0.16875
0 0.4890625 0.4890625 0.121875 0.18125
0 0.47890625 0.2515625 0.109375 0.15625
0 0.21015625 0.3296875 0.121875 0.1421875
0 0.35078125 0.63046875 0.1015625 0.1734375
0 0.4859375 0.75703125 0.1046875 0.19375
0 0.515625 0.5875 0.13125 0.15
0 0.64453125 0.4125 0.0875 0.18125
0 0.3609375 0.25 0.1171875 0.125