0 0.8828125 0.55234375 0.05 0.07265625
0 0.571875 0.4171875 0.09140625 0.1375
0 0.20625 0.20859375 0.1 0.14140625
0 0.13515625 0.10546875 0.09375 0.1296875
0 0.37265625 0.3359375 0.1109375 0.12578125
0 0.66875 0.58984375 0.1015625 0.1515625
0 0.796875 0.62734375 0.103125 0.12578125
0 0.8828125 0.70859375 0.0953125 0.14140625
0 0.7046875 0.815625 0.08828125 0.15
0 0.790625 0.81953125 0.07265625 0.109375
0 0.5828125 0.72734375 0.08515625 0.14375
0 0.50703125 0.4875 0.103125 0.15390625
0 0.4984375 0.28515625 0.09296875 0.13359375
0 0.26953125 0.35234375 0.1046875 0.12109375
0 0.3890625 0.6078125 0.08671875 0.14765625
0 0.5046875 0.71640625 0.08984375 0.165625
0 0.5296875 0.571875 0.1125 0.12734375
0 0.63984375 0.42265625 0.07421875 0.15390625
0 0.39765625 0.284375 0.1 0.10703125