0 0.4859375 0.30703125 0.040625 0.040625
0 0.46328125 0.259375 0.0453125 0.046875
0 0.18515625 0.28671875 0.0328125 0.0328125
0 0.2125 0.27578125 0.034375 0.03125
0 0.2671875 0.26328125 0.0359375 0.0375
0 0.3015625 0.2625 0.03125 0.0375
0 0.225 0.33984375 0.04375 0.028125
0 0.271875 0.35859375 0.0375 0.0375
0 0.50078125 0.51875 0.028125 0.034375
0 0.56484375 0.44453125 0.025 0.021875
0 0.5875 0.4359375 0.01875 0.01875
0 0.46328125 0.49453125 0.0296875 0.025
0 0.228125 0.6578125 0.0203125 0.0171875
0 0.72734375 0.6234375 0.03125 0.03125
0 0.58671875 0.56640625 0.028125 0.028125
0 0.73046875 0.55703125 0.0328125 0.034375
0 0.79453125 0.7234375 0.025 0.021875
0 0.79375 0.74140625 0.025 0.0265625
0 0.91015625 0.440625 0.03125 0.028125
0 0.94296875 0.44921875 0.046875 0.034375
0 0.94140625 0.8203125 0.0234375 0.025
0 0.87421875 0.7859375 0.01875 0.01875
0 0.86796875 0.98984375 0.0234375 0.015625
0 0.5890625 0.46953125 0.0421875 0.028125
0 0.45234375 0.21015625 0.0484375 0.046875
0 0.48125 0.15078125 0.04375 0.05
0 0.46640625 0.11484375 0.053125 0.0375
0 0.4015625 0.1578125 0.03125 0.0375
0 0.43515625 0.15625 0.053125 0.04375
0 0.73203125 0.11875 0.0203125 0.0203125
0 0.87578125 0.25859375 0.01875 0.021875
0 0.85234375 0.2859375 0.021875 0.028125
0 0.75546875 0.25703125 0.04375 0.0328125
0 0.1234375 0.03984375 0.046875 0.025
0 0.07421875 0.0828125 0.065625 0.0546875
0 0.428125 0.53828125 0.025 0.021875