0 0.03515625 0.3375 0.01875 0.034375
0 0.06171875 0.3234375 0.0265625 0.0296875
0 0.0109375 0.503125 0.021875 0.0296875
0 0.10390625 0.45546875 0.0265625 0.028125
0 0.13359375 0.5109375 0.0234375 0.03125
0 0.090625 0.62109375 0.0203125 0.025
0 0.1046875 0.484375 0.028125 0.034375
0 0.04765625 0.36953125 0.015625 0.028125
0 0.03046875 0.39375 0.015625 0.0203125
0 0.0875 0.359375 0.0125 0.021875
0 0.1046875 0.3140625 0.01875 0.021875
0 0.0953125 0.33828125 0.0265625 0.034375
0 0.29296875 0.571875 0.015625 0.0265625
0 0.390625 0.44140625 0.025 0.034375
0 0.39296875 0.34921875 0.0375 0.053125
0 0.39453125 0.31171875 0.01875 0.04375
0 0.3375 0.24453125 0.0375 0.04375
0 0.34921875 0.1890625 0.040625 0.03125
0 0.3890625 0.09296875 0.0375 0.0484375
0 0.38125 0.175 0.028125 0.040625
0 0.50078125 0.18515625 0.0375 0.040625
0 0.51796875 0.14296875 0.034375 0.0375
0 0.53671875 0.21328125 0.040625 0.0515625
0 0.55625 0.1171875 0.0375 0.04375
0 0.5453125 0.23359375 0.0203125 0.0375
0 0.56171875 0.36875 0.0375 0.040625
0 0.57421875 0.37734375 0.034375 0.034375
0 0.55234375 0.471875 0.034375 0.0296875
0 0.53984375 0.49453125 0.034375 0.0296875
0 0.4890625 0.55 0.025 0.034375
0 0.5015625 0.65 0.04375 0.046875
0 0.45078125 0.67578125 0.021875 0.028125
0 0.4734375 0.67890625 0.0296875 0.034375
0 0.42890625 0.7015625 0.0203125 0.03125
0 0.35 0.69140625 0.009375 0.021875
0 0.43203125 0.77734375 0.015625 0.028125
0 0.5265625 0.85390625 0.040625 0.065625
0 0.5484375 0.821875 0.0375 0.034375
0 0.57421875 0.78515625 0.0296875 0.0484375
0 0.60625 0.84375 0.0234375 0.0796875
0 0.703125 0.825 0.034375 0.0546875
0 0.6890625 0.746875 0.0546875 0.075
0 0.71484375 0.70859375 0.053125 0.053125
0 0.75234375 0.765625 0.0546875 0.0546875
0 0.84375 0.63515625 0.03125 0.03125
0 0.85234375 0.6125 0.0265625 0.025
0 0.74921875 0.43671875 0.009375 0.0125
0 0.77265625 0.10390625 0.021875 0.0234375
0 0.90703125 0.146875 0.025 0.025
0 0.9 0.0640625 0.021875 0.028125
0 0.92265625 0.0828125 0.021875 0.0296875
0 0.96953125 0.23203125 0.0125 0.0203125
0 0.96171875 0.146875 0.015625 0.015625
0 0.840625 0.05234375 0.0125 0.046875
0 0.69296875 0.2046875 0.0125 0.015625
0 0.70703125 0.259375 0.021875 0.0234375
0 0.61875 0.23203125 0.009375 0.015625
0 0.65625 0.26171875 0.0125 0.015625
0 0.64375 0.27890625 0.0125 0.0125
0 0.6046875 0.04140625 0.015625 0.0234375
0 0.62421875 0.05 0.021875 0.025
0 0.73984375 0.35 0.015625 0.025