0 0.0109375 0.37578125 0.021875 0.03125
0 0.05234375 0.51015625 0.028125 0.028125
0 0.0828125 0.5671875 0.025 0.0328125
0 0.03828125 0.68125 0.0203125 0.025
0 0.053125 0.53984375 0.028125 0.0359375
0 0.03515625 0.4125 0.0125 0.021875
0 0.053125 0.36484375 0.01875 0.021875
0 0.04375 0.38984375 0.028125 0.034375
0 0.246875 0.63046875 0.0171875 0.028125
0 0.34609375 0.49609375 0.025 0.034375
0 0.34921875 0.40078125 0.0390625 0.0546875
0 0.35078125 0.3625 0.01875 0.04375
0 0.2921875 0.29375 0.0375 0.04375
0 0.30390625 0.2375 0.040625 0.0328125
0 0.34453125 0.13828125 0.0390625 0.05
0 0.33671875 0.22265625 0.028125 0.04375
0 0.46015625 0.2328125 0.0375 0.040625
0 0.478125 0.1890625 0.034375 0.0375
0 0.496875 0.26171875 0.04375 0.053125
0 0.5171875 0.16328125 0.0375 0.046875
0 0.50625 0.2828125 0.0203125 0.0390625
0 0.521875 0.421875 0.0375 0.04375
0 0.53515625 0.4296875 0.034375 0.034375
0 0.5125 0.52734375 0.0359375 0.03125
0 0.5 0.55 0.0359375 0.03125
0 0.44765625 0.6078125 0.025 0.0359375
0 0.4609375 0.7109375 0.04375 0.046875
0 0.40859375 0.7375 0.021875 0.028125
0 0.43203125 0.73984375 0.03125 0.034375
0 0.3859375 0.76328125 0.0203125 0.0328125
0 0.3046875 0.75234375 0.009375 0.021875
0 0.3890625 0.84140625 0.0171875 0.028125
0 0.48671875 0.91953125 0.040625 0.06875
0 0.50859375 0.8875 0.0375 0.0359375
0 0.53515625 0.84921875 0.03125 0.05
0 0.56796875 0.909375 0.025 0.08125
0 0.66796875 0.88984375 0.0359375 0.05625
0 0.65390625 0.809375 0.05625 0.0765625
0 0.6796875 0.7703125 0.0546875 0.0546875
0 0.71875 0.8296875 0.05625 0.05625
0 0.8125 0.6953125 0.0328125 0.0328125
0 0.82109375 0.671875 0.028125 0.025
0 0.9859375 0.7515625 0.028125 0.040625
0 0.9859375 0.78828125 0.028125 0.0453125
0 0.71484375 0.49140625 0.009375 0.0125
0 0.7390625 0.14921875 0.021875 0.025
0 0.87734375 0.19375 0.025 0.025
0 0.8703125 0.10859375 0.021875 0.028125
0 0.89296875 0.128125 0.021875 0.03125
0 0.94140625 0.28046875 0.0125 0.0203125
0 0.921875 0.01875 0.015625 0.025
0 0.93359375 0.19375 0.015625 0.015625
0 0.80859375 0.09609375 0.0125 0.046875
0 0.65703125 0.25234375 0.0125 0.0171875
0 0.671875 0.30859375 0.021875 0.025
0 0.58125 0.28046875 0.009375 0.015625
0 0.61953125 0.31171875 0.0125 0.015625
0 0.60703125 0.3296875 0.0125 0.0125
0 0.56640625 0.08515625 0.015625 0.025
0 0.58671875 0.09375 0.021875 0.025
0 0.70546875 0.4015625 0.015625 0.025