0 0.64609375 0.04140625 0.03125 0.01875
0 0.66015625 0.0671875 0.028125 0.025
0 0.4890625 0.01796875 0.028125 0.025
0 0.534375 0.1078125 0.0265625 0.025
0 0.48125 0.1359375 0.0296875 0.0234375
0 0.37578125 0.09453125 0.0234375 0.01875
0 0.50625 0.1078125 0.0328125 0.025
0 0.615625 0.05390625 0.028125 0.015625
0 0.5921875 0.03828125 0.01875 0.015625
0 0.625 0.0921875 0.01875 0.0125
0 0.66875 0.10859375 0.0203125 0.01875
0 0.6453125 0.1 0.03125 0.025
0 0.42265625 0.28828125 0.025 0.015625
0 0.54765625 0.38046875 0.03125 0.021875
0 0.63515625 0.3828125 0.05 0.0359375
0 0.67109375 0.384375 0.040625 0.015625
0 0.73515625 0.33046875 0.040625 0.034375
0 0.78671875 0.340625 0.0296875 0.0375
0 0.878125 0.37890625 0.046875 0.0359375
0 0.8 0.371875 0.0390625 0.0265625
0 0.790625 0.4859375 0.0375 0.034375
0 0.83125 0.5015625 0.034375 0.0328125
0 0.7640625 0.51953125 0.0484375 0.0390625
0 0.85546875 0.5390625 0.04375 0.034375
0 0.74453125 0.528125 0.0375 0.01875
0 0.61640625 0.54296875 0.0390625 0.034375
0 0.60859375 0.55546875 0.03125 0.03125
0 0.51875 0.534375 0.028125 0.03125
0 0.49765625 0.52265625 0.028125 0.0328125
0 0.44453125 0.475 0.0328125 0.0234375
0 0.3484375 0.48671875 0.04375 0.040625
0 0.32421875 0.43828125 0.028125 0.01875
0 0.321875 0.459375 0.03125 0.028125
0 0.29921875 0.4171875 0.028125 0.01875
0 0.31015625 0.3421875 0.01875 0.009375
0 0.22734375 0.4203125 0.0265625 0.015625
0 0.1546875 0.51015625 0.0625 0.0375
0 0.18515625 0.53125 0.034375 0.034375
0 0.22109375 0.55546875 0.0453125 0.028125
0 0.16484375 0.5859375 0.075 0.021875
0 0.1828125 0.678125 0.05 0.034375
0 0.25703125 0.66484375 0.071875 0.05
0 0.29296875 0.68984375 0.05 0.05
0 0.2390625 0.725 0.053125 0.0515625
0 0.3625 0.8125 0.0296875 0.028125
0 0.384375 0.8203125 0.025 0.025
0 0.31171875 0.978125 0.0375 0.034375
0 0.278125 0.9734375 0.0421875 0.028125
0 0.5515625 0.721875 0.0125 0.0078125
0 0.86796875 0.74375 0.021875 0.01875
0 0.82734375 0.871875 0.025 0.0234375
0 0.90625 0.86640625 0.0265625 0.021875
0 0.8875 0.8875 0.028125 0.0203125
0 0.74609375 0.93125 0.01875 0.0125
0 0.98828125 0.91328125 0.0234375 0.0140625
0 0.8265625 0.92421875 0.0140625 0.0125
0 0.9171875 0.80859375 0.04375 0.0125
0 0.771875 0.66796875 0.015625 0.009375
0 0.72109375 0.68203125 0.021875 0.0203125
0 0.746875 0.59765625 0.0140625 0.009375
0 0.71796875 0.63359375 0.0140625 0.0125
0 0.7015625 0.62109375 0.0109375 0.0125
0 0.92734375 0.584375 0.021875 0.0140625
0 0.91875 0.60390625 0.021875 0.021875
0 0.634375 0.7125 0.0234375 0.0140625