0 0.04296875 0.35859375 0.0171875 0.034375
0 0.06796875 0.3453125 0.025 0.028125
0 0.01796875 0.51640625 0.025 0.028125
0 0.10859375 0.47109375 0.025 0.028125
0 0.1375 0.52421875 0.021875 0.03125
0 0.09609375 0.63046875 0.01875 0.0234375
0 0.109375 0.49921875 0.028125 0.034375
0 0.0546875 0.38984375 0.015625 0.028125
0 0.0390625 0.4125 0.015625 0.01875
0 0.09296875 0.38046875 0.0125 0.0203125
0 0.109375 0.33671875 0.0171875 0.0203125
0 0.10078125 0.359375 0.025 0.03125
0 0.28984375 0.58359375 0.015625 0.025
0 0.3828125 0.4578125 0.0234375 0.03125
0 0.38515625 0.36953125 0.0375 0.05
0 0.38671875 0.334375 0.0171875 0.040625
0 0.33203125 0.26953125 0.034375 0.040625
0 0.34296875 0.2171875 0.0375 0.03125
0 0.38125 0.12578125 0.0375 0.046875
0 0.3734375 0.20390625 0.028125 0.040625
0 0.48828125 0.21328125 0.034375 0.0375
0 0.5046875 0.17265625 0.03125 0.034375
0 0.521875 0.240625 0.040625 0.05
0 0.54140625 0.1484375 0.034375 0.04375
0 0.53125 0.259375 0.01875 0.0375
0 0.54609375 0.3890625 0.034375 0.040625
0 0.5578125 0.396875 0.03125 0.03125
0 0.5375 0.4875 0.034375 0.028125
0 0.52578125 0.50859375 0.034375 0.028125
0 0.47734375 0.56171875 0.0234375 0.034375
0 0.4890625 0.6578125 0.040625 0.04375
0 0.440625 0.6828125 0.0203125 0.028125
0 0.46171875 0.68515625 0.028125 0.03125
0 0.41875 0.70703125 0.01875 0.03125
0 0.34375 0.696875 0.0078125 0.0203125
0 0.421875 0.7796875 0.015625 0.028125
0 0.5125 0.85234375 0.0375 0.0625
0 0.53359375 0.821875 0.034375 0.034375
0 0.5578125 0.78671875 0.028125 0.046875
0 0.5890625 0.84296875 0.021875 0.0765625
0 0.68203125 0.82421875 0.034375 0.053125
0 0.66796875 0.75 0.053125 0.071875
0 0.69296875 0.71328125 0.05 0.05
0 0.72890625 0.76796875 0.053125 0.053125
0 0.815625 0.64375 0.03125 0.03125
0 0.8234375 0.62109375 0.025 0.0234375
0 0.98203125 0.6953125 0.0359375 0.0375
0 0.97890625 0.7296875 0.028125 0.04375
0 0.72578125 0.45390625 0.0078125 0.0125
0 0.74765625 0.1359375 0.0203125 0.021875
0 0.8765625 0.17734375 0.0234375 0.0234375
0 0.86953125 0.09765625 0.0203125 0.028125
0 0.89140625 0.115625 0.0203125 0.028125
0 0.9359375 0.2578125 0.0125 0.01875
0 0.9171875 0.0140625 0.0140625 0.0234375
0 0.92890625 0.17734375 0.0140625 0.0140625
0 0.8125 0.08671875 0.0125 0.04375
0 0.67109375 0.23203125 0.0109375 0.015625
0 0.68515625 0.284375 0.0203125 0.021875
0 0.60078125 0.2578125 0.009375 0.0140625
0 0.63671875 0.28671875 0.0125 0.0140625
0 0.62421875 0.303125 0.0125 0.0109375
0 0.5875 0.0765625 0.0140625 0.021875
0 0.60625 0.084375 0.0203125 0.0234375
0 0.71640625 0.3703125 0.0140625 0.0234375