0 0.75546875 0.790625 0.0546875 0.09375
0 0.5921875 0.54765625 0.0625 0.09765625
0 0.6078125 0.44765625 0.05859375 0.0859375
0 0.875 0.2953125 0.053125 0.10390625
0 0.9578125 0.103125 0.05859375 0.1
0 0.8640625 0.02890625 0.05859375 0.05703125
0 0.9046875 0.13515625 0.053125 0.09375
0 0.88984375 0.20625 0.05546875 0.07734375
0 0.428125 0.3296875 0.053125 0.09609375
0 0.54453125 0.521875 0.0546875 0.0921875
0 0.1578125 0.5875 0.05703125 0.1
0 0.15546875 0.18671875 0.05703125 0.10859375
0 0.4 0.2296875 0.04921875 0.0875
0 0.12421875 0.41015625 0.04765625 0.09375
0 0.14609375 0.31640625 0.05859375 0.11015625
0 0.10625 0.70546875 0.04921875 0.09609375
0 0.246875 0.7515625 0.0609375 0.10625
0 0.184375 0.74453125 0.053125 0.10390625