0 0.77890625 0.80625 0.05625 0.0984375
0 0.60859375 0.55234375 0.065625 0.103125
0 0.625 0.44765625 0.0609375 0.090625
0 0.903125 0.28828125 0.05625 0.109375
0 0.9796875 0.0859375 0.040625 0.10625
0 0.890625 0.01953125 0.0625 0.0375
0 0.934375 0.1203125 0.05625 0.0984375
0 0.91875 0.1953125 0.059375 0.08125
0 0.43671875 0.32421875 0.05625 0.1
0 0.55859375 0.52578125 0.05625 0.096875
0 0.1546875 0.59375 0.059375 0.1046875
0 0.1515625 0.175 0.059375 0.1125
0 0.4078125 0.21953125 0.0515625 0.0921875
0 0.11953125 0.40859375 0.05 0.0984375
0 0.14296875 0.3109375 0.0609375 0.115625
0 0.10078125 0.71796875 0.0515625 0.1
0 0.24765625 0.765625 0.0640625 0.1109375
0 0.1828125 0.75859375 0.05625 0.109375