2 0.41484375 0.68046875 0.015625 0.0109375
2 0.41875 0.690625 0.009375 0.0109375
2 0.4328125 0.66875 0.015625 0.0125
2 0.446875 0.63125 0.0140625 0.0125
2 0.43046875 0.68828125 0.0140625 0.0125
2 0.4453125 0.6890625 0.0140625 0.015625
2 0.446875 0.6734375 0.0140625 0.015625
2 0.4609375 0.7078125 0.0140625 0.0125
2 0.4671875 0.6984375 0.0140625 0.0125
2 0.47890625 0.6484375 0.0140625 0.0125
2 0.45859375 0.6703125 0.015625 0.009375
2 0.47734375 0.68203125 0.0125 0.009375
2 0.509375 0.6765625 0.0140625 0.0125
2 0.47265625 0.6546875 0.0125 0.0109375
2 0.459375 0.66015625 0.015625 0.009375
2 0.1203125 0.7765625 0.0125 0.0078125
2 0.1296875 0.78203125 0.0125 0.0109375
2 0.17109375 0.784375 0.015625 0.0140625
2 0.228125 0.81640625 0.015625 0.009375
2 0.22734375 0.82890625 0.0140625 0.009375
2 0.0546875 0.89609375 0.009375 0.0125
2 0.33125 0.9390625 0.015625 0.015625
2 0.23515625 0.86171875 0.0140625 0.0125
2 0.24765625 0.85 0.021875 0.0125
2 0.24921875 0.8609375 0.01875 0.015625
2 0.38828125 0.90546875 0.01875 0.0140625
2 0.3546875 0.91015625 0.0171875 0.0125
2 0.465625 0.93671875 0.0125 0.0125
2 0.53671875 0.8578125 0.0125 0.0109375
2 0.5765625 0.73828125 0.0125 0.009375
2 0.56796875 0.72890625 0.015625 0.0125
2 0.63359375 0.66484375 0.0125 0.0125
2 0.74921875 0.715625 0.0125 0.0125
2 0.56484375 0.6953125 0.0140625 0.009375
2 0.64140625 0.67109375 0.009375 0.0109375
2 0.82109375 0.8140625 0.01875 0.009375
2 0.8546875 0.80859375 0.0171875 0.009375
2 0.85 0.81640625 0.009375 0.009375
2 0.859375 0.81875 0.0125 0.009375
2 0.83203125 0.83203125 0.0125 0.0125
2 0.97421875 0.66171875 0.015625 0.0125
2 0.99375 0.53828125 0.0125 0.0109375
2 0.7578125 0.4171875 0.015625 0.0125
2 0.684375 0.42734375 0.015625 0.0125
2 0.5640625 0.37265625 0.0140625 0.009375
2 0.52578125 0.38828125 0.0125 0.0125
2 0.5703125 0.36015625 0.0125 0.0078125
2 0.58125 0.36796875 0.015625 0.0109375
2 0.66484375 0.3046875 0.0125 0.009375
2 0.675 0.30546875 0.009375 0.009375
2 0.54375 0.13125 0.009375 0.0125
2 0.553125 0.12890625 0.0125 0.009375
2 0.7640625 0.009375 0.0140625 0.0125
2 0.58828125 0.12734375 0.0125 0.009375
2 0.61015625 0.10625 0.0140625 0.0125
1 0.5 0.5 0.1 0.1