0 0.51953125 0.46796875 0.10703125 0.20703125
0 0.93671875 0.50546875 0.1046875 0.19375
0 0.72578125 0.2578125 0.096875 0.15859375
0 0.4546875 0.5703125 0.1171875 0.1453125
0 0.56875 0.59765625 0.12421875 0.16484375
0 0.63359375 0.3546875 0.13828125 0.16640625
0 0.8640625 0.359375 0.1046875 0.2265625
0 0.9140625 0.37890625 0.09765625 0.184375
0 0.76328125 0.3921875 0.12421875 0.1609375
0 0.68125 0.5015625 0.10546875 0.16640625
0 0.76640625 0.49921875 0.115625 0.1296875
0 0.60234375 0.53671875 0.0953125 0.19375