0 0.34296875 0.2203125 0.15625 0.253125
0 0.51484375 0.51796875 0.203125 0.171875
0 0.1296875 0.5921875 0.159375 0.1796875
0 0.0484375 0.234375 0.09375 0.2
0 0.4921875 0.7671875 0.1984375 0.190625
0 0.3734375 0.615625 0.2265625 0.225
0 0.709375 0.83125 0.178125 0.19375
0 0.8421875 0.78515625 0.1546875 0.190625
0 0.2421875 0.74296875 0.215625 0.1859375
0 0.68046875 0.12578125 0.1953125 0.2203125
0 0.5453125 0.259375 0.15625 0.1578125
0 0.17734375 0.325 0.1375 0.2375
0 0.06796875 0.43125 0.134375 0.225
0 0.2546875 0.5171875 0.146875 0.2296875
0 0.1046875 0.1296875 0.184375 0.25625
0 0.8921875 0.17265625 0.159375 0.253125
0 0.90390625 0.37578125 0.1875 0.153125
0 0.68203125 0.3421875 0.1234375 0.228125
0 0.7421875 0.434375 0.128125 0.1796875
0 0.61796875 0.646875 0.2203125 0.1859375
0 0.34453125 0.90078125 0.1625 0.196875
0 0.1796875 0.85234375 0.165625 0.1875
0 0.859375 0.94296875 0.1375 0.1140625
0 0.5578125 0.928125 0.190625 0.14375
0 0.06328125 0.7609375 0.1234375 0.225
0 0.93984375 0.69765625 0.1203125 0.1921875
0 0.93828125 0.51484375 0.1234375 0.1578125
0 0.7890625 0.60234375 0.171875 0.196875
0 0.4921875 0.38203125 0.178125 0.1796875
0 0.34453125 0.396875 0.171875 0.19375
0 0.4765625 0.084375 0.140625 0.1640625
0 0.94453125 0.9140625 0.1109375 0.15625