2 0.21953125 0.66875 0.2578125 0.1609375
2 0.52421875 0.49296875 0.1765625 0.2078125
2 0.60078125 0.8875 0.184375 0.1640625
2 0.23359375 0.96171875 0.2046875 0.0765625
2 0.7796875 0.51640625 0.19375 0.203125
2 0.625 0.63828125 0.2296875 0.23125
2 0.8453125 0.29453125 0.1984375 0.1828125
2 0.7984375 0.1578125 0.19375 0.159375
2 0.75546875 0.771875 0.190625 0.2203125
2 0.12265625 0.3234375 0.225 0.2
2 0.259375 0.4625 0.1625 0.159375
2 0.3265625 0.8390625 0.24375 0.1421875
2 0.434375 0.94140625 0.23125 0.1171875
2 0.5234375 0.759375 0.2359375 0.15
2 0.12890625 0.909375 0.2578125 0.18125
2 0.17109375 0.10703125 0.259375 0.1625
2 0.378125 0.09609375 0.15625 0.1921875
2 0.34453125 0.32265625 0.234375 0.1265625
2 0.43828125 0.26015625 0.184375 0.13125
2 0.65703125 0.3875 0.190625 0.225
2 0.9078125 0.66796875 0.184375 0.165625
2 0.8671875 0.8359375 0.19375 0.1703125
2 0.95078125 0.140625 0.0984375 0.140625
2 0.93515625 0.45 0.128125 0.196875
2 0.7734375 0.94609375 0.23125 0.1078125
2 0.709375 0.06015625 0.196875 0.1203125
2 0.521875 0.06171875 0.1625 0.121875
2 0.6109375 0.2125 0.2 0.175
2 0.38515625 0.51640625 0.184375 0.1828125
2 0.40078125 0.66796875 0.1984375 0.175
2 0.08203125 0.5328125 0.1640625 0.14375
2 0.925 0.0546875 0.15 0.109375