0 0.46171875 0.8234375 0.178125 0.353125
0 0.45078125 0.603125 0.15625 0.259375
0 0.4171875 0.2140625 0.1359375 0.259375
0 0.61171875 0.3859375 0.1 0.221875
0 0.6515625 0.184375 0.128125 0.2375
0 0.590625 0.04609375 0.171875 0.0921875
0 0.5328125 0.19453125 0.115625 0.240625
0 0.51640625 0.3921875 0.1140625 0.209375
0 0.39765625 0.40546875 0.1375 0.2
0 0.3015625 0.59453125 0.1625 0.3140625
0 0.334375 0.8171875 0.1390625 0.2453125
0 0.57890625 0.815625 0.096875 0.296875
0 0.5828125 0.58671875 0.11875 0.2515625
0 0.73046875 0.6796875 0.203125 0.29375
0 0.78046875 0.3515625 0.1140625 0.1875
0 0.709375 0.5 0.1171875 0.1859375