0 0.890625 0.565625 0.0453125 0.03984375
0 0.7203125 0.6921875 0.05859375 0.03828125
0 0.7625 0.6703125 0.0515625 0.03984375
0 0.53046875 0.52578125 0.1296875 0.09453125
0 0.70234375 0.10234375 0.040625 0.0390625
0 0.0796875 0.17734375 0.0390625 0.02890625
0 0.11640625 0.77890625 0.05390625 0.04375
0 0.8609375 0.52265625 0.04453125 0.03203125
0 0.11015625 0.2171875 0.03828125 0.0265625
0 0.4828125 0.27109375 0.17421875 0.13671875
0 0.7609375 0.70546875 0.0515625 0.0359375
0 0.07421875 0.209375 0.0390625 0.03046875
0 0.62421875 0.8375 0.0875 0.06640625
0 0.04609375 0.04296875 0.090625 0.0828125
0 0.58984375 0.66015625 0.09375 0.075
0 0.4140625 0.5578125 0.1578125 0.109375