0 0.92734375 0.58828125 0.0484375 0.04375
0 0.7453125 0.7234375 0.0625 0.040625
0 0.790625 0.7 0.05625 0.04375
0 0.54296875 0.54609375 0.1375 0.1
0 0.7265625 0.09453125 0.04375 0.0421875
0 0.0625 0.175 0.040625 0.03125
0 0.1015625 0.815625 0.05625 0.046875
0 0.8953125 0.5421875 0.046875 0.034375
0 0.0953125 0.2171875 0.040625 0.028125
0 0.49296875 0.275 0.1859375 0.1453125
0 0.7890625 0.7375 0.05625 0.0375
0 0.05703125 0.20859375 0.040625 0.0328125
0 0.64375 0.87890625 0.09375 0.071875
0 0.03828125 0.0375 0.075 0.075
0 0.60703125 0.6890625 0.1 0.08125
0 0.41953125 0.58046875 0.16875 0.115625