0 0.628125 0.64140625 0.134375 0.23828125
0 0.80546875 0.5125 0.17265625 0.2421875
0 0.51015625 0.51796875 0.13203125 0.2296875
0 0.50234375 0.72265625 0.17734375 0.1953125
0 0.65546875 0.46171875 0.13203125 0.2421875
0 0.94765625 0.53671875 0.1046875 0.22578125
0 0.73203125 0.69765625 0.11953125 0.2015625
0 0.42421875 0.36796875 0.1359375 0.21953125
0 0.7171875 0.303125 0.1203125 0.2359375
0 0.5671875 0.334375 0.11953125 0.19765625
0 0.48359375 0.2578125 0.11328125 0.165625
0 0.328125 0.5265625 0.125 0.23359375
0 0.3953125 0.65546875 0.11796875 0.1734375
0 0.3328125 0.36015625 0.08046875 0.11875
0 0.571875 0.21796875 0.115625 0.14140625
0 0.66328125 0.1796875 0.0828125 0.12890625
0 0.83046875 0.33359375 0.1015625 0.1671875
0 0.934375 0.38125 0.125 0.14140625