0 0.66875 0.43125 0.278125 0.15625
0 0.51796875 0.22421875 0.284375 0.203125
0 0.525 0.56953125 0.26875 0.1546875
0 0.76484375 0.578125 0.228125 0.2078125
0 0.45859375 0.4 0.284375 0.1546875
0 0.54453125 0.059375 0.2671875 0.11875
0 0.73515625 0.31015625 0.2359375 0.140625
0 0.34921875 0.6703125 0.2578125 0.159375
0 0.2734375 0.32734375 0.2765625 0.140625
0 0.31015625 0.503125 0.23125 0.140625
0 0.2203125 0.60078125 0.19375 0.1328125
0 0.534375 0.7828125 0.275 0.146875
0 0.68515625 0.703125 0.203125 0.1375
0 0.3390625 0.77734375 0.1390625 0.0953125
0 0.17265625 0.496875 0.165625 0.134375
0 0.128125 0.38984375 0.15 0.096875
0 0.30859375 0.19453125 0.196875 0.11875
0 0.36328125 0.0734375 0.1640625 0.146875