0 0.67734375 0.42421875 0.1734375 0.175
0 0.4046875 0.5140625 0.1421875 0.2265625
0 0.35859375 0.2703125 0.153125 0.225
0 0.56875 0.8625 0.1546875 0.190625
0 0.58671875 0.5765625 0.1421875 0.1765625
0 0.759375 0.3578125 0.1375 0.20625
0 0.73828125 0.5484375 0.146875 0.1625
0 0.33828125 0.678125 0.165625 0.16875
0 0.45859375 0.77421875 0.1546875 0.225
0 0.6078125 0.7078125 0.1375 0.1375
0 0.30859375 0.47421875 0.115625 0.196875
0 0.4875 0.1859375 0.1125 0.175
0 0.66796875 0.2578125 0.0859375 0.1765625