0 0.6171875 0.40859375 0.15 0.15078125
0 0.38125 0.48671875 0.1234375 0.19609375
0 0.340625 0.27578125 0.13203125 0.19453125
0 0.52265625 0.78828125 0.13359375 0.16484375
0 0.53828125 0.540625 0.1234375 0.15234375
0 0.6875 0.35078125 0.11875 0.178125
0 0.66953125 0.51640625 0.12734375 0.140625
0 0.3234375 0.628125 0.1421875 0.146875
0 0.42734375 0.71171875 0.13359375 0.19453125
0 0.55703125 0.65390625 0.11875 0.11875
0 0.29765625 0.45234375 0.09921875 0.1703125
0 0.45234375 0.20234375 0.096875 0.15078125
0 0.60859375 0.26484375 0.07421875 0.15234375