0 0.53984375 0.61953125 0.16796875 0.15625
0 0.82265625 0.67890625 0.13671875 0.1609375
0 0.88125 0.55390625 0.15 0.1484375
0 0.91328125 0.40625 0.13359375 0.15078125
0 0.7140625 0.2546875 0.1484375 0.184375
0 0.6125 0.403125 0.15859375 0.15234375
0 0.48671875 0.49140625 0.1515625 0.15859375
0 0.35546875 0.6796875 0.14140625 0.20625
0 0.4609375 0.753125 0.16171875 0.15859375
0 0.7328125 0.42421875 0.1171875 0.16640625
0 0.5046875 0.3609375 0.1125 0.11875
0 0.6125 0.2875 0.11171875 0.1625
0 0.37890625 0.5203125 0.115625 0.140625
0 0.6328125 0.6390625 0.13046875 0.1484375