0 0.53515625 0.64609375 0.175 0.1625
0 0.83125 0.70859375 0.14375 0.1671875
0 0.8921875 0.578125 0.15625 0.15625
0 0.92578125 0.42421875 0.140625 0.15625
0 0.71796875 0.265625 0.15625 0.1921875
0 0.61171875 0.42109375 0.165625 0.159375
0 0.48046875 0.5125 0.1578125 0.165625
0 0.34296875 0.709375 0.146875 0.215625
0 0.453125 0.7859375 0.16875 0.165625
0 0.7375 0.4421875 0.121875 0.1734375
0 0.49921875 0.3765625 0.11875 0.125
0 0.61171875 0.3 0.115625 0.16875
0 0.3671875 0.54296875 0.121875 0.146875
0 0.6328125 0.6671875 0.1375 0.15625