0 0.625 0.984375 0.034375 0.03125
0 0.684375 0.9578125 0.0421875 0.053125
0 0.4921875 0.83203125 0.03125 0.04375
0 0.52578125 0.83828125 0.0390625 0.0484375
0 0.52890625 0.86796875 0.034375 0.0359375
0 0.32109375 0.2484375 0.0359375 0.04375
0 0.32421875 0.2 0.01875 0.034375
0 0.35078125 0.165625 0.040625 0.053125
0 0.36640625 0.1015625 0.040625 0.0484375
0 0.34375 0.03984375 0.0390625 0.05
0 0.496875 0.0125 0.0328125 0.025
0 0.41328125 0.01328125 0.0390625 0.025
0 0.4390625 0.01953125 0.0328125 0.0375
0 0.43203125 0.05546875 0.0375 0.04375
0 0.41328125 0.10078125 0.0453125 0.046875
0 0.4484375 0.1421875 0.040625 0.046875
0 0.446875 0.2125 0.01875 0.034375
0 0.40390625 0.1796875 0.0109375 0.028125
0 0.46875 0.1859375 0.0328125 0.040625
0 0.50234375 0.18828125 0.028125 0.040625
0 0.48046875 0.2125 0.0375 0.046875
0 0.4546875 0.24765625 0.03125 0.0390625
0 0.415625 0.2734375 0.0234375 0.034375
0 0.43828125 0.28203125 0.028125 0.040625
0 0.4328125 0.33046875 0.03125 0.0453125
0 0.4546875 0.3015625 0.034375 0.053125
0 0.46328125 0.3390625 0.0296875 0.04375
0 0.4671875 0.3796875 0.028125 0.040625
0 0.49296875 0.34921875 0.0375 0.04375
0 0.49765625 0.3796875 0.0328125 0.0375
0 0.53046875 0.38203125 0.03125 0.046875
0 0.54453125 0.3453125 0.03125 0.046875
0 0.55859375 0.378125 0.0234375 0.034375
0 0.52109375 0.21796875 0.0125 0.034375
0 0.58359375 0.23515625 0.0125 0.021875
0 0.58828125 0.26796875 0.021875 0.025
0 0.6234375 0.29375 0.03125 0.0375
0 0.6453125 0.34609375 0.025 0.03125
0 0.66953125 0.42109375 0.034375 0.034375
0 0.71171875 0.425 0.03125 0.03125
0 0.75546875 0.4109375 0.03125 0.0390625
0 0.85234375 0.3671875 0.028125 0.034375
0 0.715625 0.37109375 0.01875 0.025
0 0.99453125 0.421875 0.009375 0.01875
0 0.74453125 0.71640625 0.05625 0.0578125
0 0.78984375 0.8265625 0.0421875 0.046875
0 0.75 0.909375 0.0375 0.0421875
0 0.70703125 0.94140625 0.0390625 0.04375
0 0.696875 0.846875 0.0484375 0.053125
0 0.640625 0.85 0.046875 0.0609375
0 0.75078125 0.84375 0.046875 0.05625
0 0.696875 0.61328125 0.03125 0.040625
0 0.696875 0.5640625 0.0265625 0.028125
0 0.7046875 0.53125 0.0265625 0.03125
0 0.69375 0.47578125 0.025 0.028125
0 0.65078125 0.56640625 0.065625 0.0671875
0 0.6453125 0.62734375 0.03125 0.0484375
0 0.5265625 0.7140625 0.065625 0.071875
0 0.6265625 0.65390625 0.03125 0.0390625
0 0.67265625 0.63984375 0.053125 0.059375
0 0.6265625 0.61171875 0.0359375 0.028125
0 0.490625 0.66875 0.028125 0.0421875
0 0.5078125 0.63828125 0.046875 0.0453125
0 0.47265625 0.603125 0.0359375 0.059375
0 0.5 0.58125 0.0375 0.0484375
0 0.5203125 0.4828125 0.059375 0.075
0 0.52578125 0.55546875 0.053125 0.0671875
0 0.5546875 0.5875 0.05 0.0625
0 0.57109375 0.54375 0.04375 0.071875
0 0.59375 0.51953125 0.071875 0.09375
0 0.63203125 0.49375 0.075 0.084375
1 0.5 0.5 0.1 0.1