2 0.0296875 0.759375 0.059375 0.078125
2 0.0890625 0.575 0.0453125 0.0359375
2 0.12265625 0.63359375 0.053125 0.040625
2 0.24609375 0.44375 0.04375 0.03125
2 0.23984375 0.47734375 0.046875 0.040625
2 0.2109375 0.48046875 0.034375 0.034375
2 0.8234375 0.275 0.040625 0.0359375
2 0.87109375 0.278125 0.0328125 0.01875
2 0.9046875 0.3046875 0.053125 0.040625
2 0.9671875 0.31953125 0.0484375 0.040625
2 0.9953125 0.384375 0.009375 0.0359375
2 0.96875 0.365625 0.046875 0.0453125
2 0.9265625 0.40078125 0.0453125 0.040625
2 0.85703125 0.39921875 0.0328125 0.01875
2 0.88984375 0.35703125 0.028125 0.0109375
2 0.88359375 0.4203125 0.040625 0.0328125
2 0.88203125 0.45390625 0.040625 0.028125
2 0.85859375 0.43203125 0.046875 0.0375
2 0.8234375 0.40703125 0.040625 0.03125
2 0.79765625 0.36796875 0.0359375 0.0234375
2 0.78984375 0.390625 0.040625 0.028125
2 0.7421875 0.38515625 0.0453125 0.0328125
2 0.76953125 0.40703125 0.053125 0.034375
2 0.7328125 0.41484375 0.0453125 0.028125
2 0.69296875 0.41875 0.040625 0.028125
2 0.72265625 0.4453125 0.0453125 0.0359375
2 0.69296875 0.44921875 0.0375 0.0328125
2 0.69140625 0.48203125 0.046875 0.03125
2 0.72734375 0.4953125 0.046875 0.03125
2 0.6953125 0.509375 0.0328125 0.0234375
2 0.85234375 0.47265625 0.034375 0.0125
2 0.8359375 0.534375 0.021875 0.0125
2 0.803125 0.5390625 0.0234375 0.0234375
2 0.778125 0.5734375 0.0375 0.03125
2 0.7265625 0.59453125 0.03125 0.025
2 0.6515625 0.61796875 0.034375 0.0328125
2 0.64765625 0.659375 0.0328125 0.03125
2 0.6625 0.70390625 0.040625 0.0328125
2 0.70546875 0.7984375 0.0328125 0.028125
2 0.70234375 0.6640625 0.025 0.01875
2 0.65078125 0.94140625 0.01875 0.0140625
2 0.3609375 0.6921875 0.05625 0.053125
2 0.25234375 0.7375 0.0453125 0.040625
2 0.1703125 0.6984375 0.040625 0.0375
2 0.1390625 0.65625 0.04375 0.040625
2 0.23203125 0.6453125 0.053125 0.0484375
2 0.22890625 0.590625 0.0625 0.046875
2 0.2359375 0.6984375 0.05625 0.046875
2 0.46171875 0.64609375 0.040625 0.03125
2 0.51171875 0.6453125 0.028125 0.028125
2 0.54453125 0.65234375 0.0328125 0.028125
2 0.5984375 0.64296875 0.028125 0.0234375
2 0.509375 0.6 0.065625 0.0625
2 0.4484375 0.59453125 0.0484375 0.03125
2 0.3625 0.47734375 0.0703125 0.065625
2 0.42265625 0.5765625 0.0375 0.03125
2 0.4359375 0.621875 0.0578125 0.053125
2 0.4640625 0.5765625 0.028125 0.0359375
2 0.4078125 0.4421875 0.040625 0.028125
2 0.4375 0.459375 0.0453125 0.046875
2 0.47265625 0.42421875 0.0578125 0.0359375
2 0.49375 0.4515625 0.0484375 0.0375
2 0.59140625 0.471875 0.075 0.059375
2 0.51953125 0.47734375 0.065625 0.053125
2 0.48828125 0.50546875 0.0625 0.05
2 0.53125 0.521875 0.071875 0.04375
2 0.5546875 0.54453125 0.09375 0.071875
2 0.58046875 0.58125 0.084375 0.075
1 0.5 0.5 0.1 0.1