0 0.35703125 0.76796875 0.125 0.0921875
0 0.22578125 0.65078125 0.15 0.065625
0 0.4546875 0.8515625 0.1125 0.075
0 0.59296875 0.6796875 0.1546875 0.08125
0 0.4984375 0.54921875 0.115625 0.075
0 0.72734375 0.5328125 0.115625 0.1109375
0 0.37734375 0.67578125 0.1234375 0.09375
0 0.1734375 0.8296875 0.140625 0.0734375
0 0.3140625 0.8046875 0.140625 0.075
0 0.50703125 0.75546875 0.11875 0.0921875
0 0.52734375 0.475 0.1125 0.0921875
0 0.29296875 0.565625 0.13125 0.06875
0 0.53125 0.36640625 0.15 0.0921875
0 0.58671875 0.3125 0.1375 0.075
0 0.55546875 0.265625 0.153125 0.084375
0 0.44375 0.02734375 0.125 0.0546875
0 0.71484375 0.0546875 0.1484375 0.075
0 0.8421875 0.13671875 0.13125 0.06875
0 0.85546875 0.01484375 0.14375 0.0296875
0 0.75625 0.42890625 0.1125 0.096875
0 0.7015625 0.34609375 0.134375 0.065625
0 0.75234375 0.27109375 0.1625 0.078125
0 0.83203125 0.22421875 0.1609375 0.071875
0 0.7984375 0.153125 0.146875 0.075
0 0.9375 0.1296875 0.125 0.0796875
0 0.61875 0.60546875 0.16875 0.065625
0 0.92421875 0.3046875 0.1515625 0.0796875
0 0.89296875 0.36015625 0.14375 0.0625
1 0.5 0.5 0.1 0.1