0 0.75 0.9890625 0.071875 0.021875
0 0.58046875 0.95078125 0.034375 0.0421875
0 0.634375 0.9203125 0.0375 0.0484375
0 0.46015625 0.80625 0.028125 0.040625
0 0.490625 0.8125 0.0375 0.04375
0 0.49296875 0.8390625 0.03125 0.03125
0 0.3046875 0.27578125 0.034375 0.0375
0 0.30703125 0.23203125 0.015625 0.0296875
0 0.33203125 0.20078125 0.0375 0.05
0 0.3453125 0.14296875 0.0375 0.04375
0 0.325 0.0875 0.0375 0.04375
0 0.325 0.01015625 0.03125 0.0203125
0 0.37109375 0.0265625 0.0375 0.0515625
0 0.4640625 0.0484375 0.0296875 0.0484375
0 0.3875 0.05390625 0.034375 0.040625
0 0.41171875 0.06875 0.0296875 0.034375
0 0.40546875 0.10078125 0.034375 0.040625
0 0.3875 0.1421875 0.040625 0.04375
0 0.4203125 0.18046875 0.0375 0.040625
0 0.41875 0.24453125 0.015625 0.0296875
0 0.38046875 0.2140625 0.009375 0.0265625
0 0.43828125 0.2203125 0.0296875 0.0375
0 0.46953125 0.221875 0.025 0.0375
0 0.44921875 0.24296875 0.034375 0.04375
0 0.42578125 0.27578125 0.028125 0.0375
0 0.390625 0.29921875 0.021875 0.034375
0 0.4109375 0.30625 0.025 0.0375
0 0.40625 0.35078125 0.0296875 0.040625
0 0.42578125 0.325 0.03125 0.0484375
0 0.43359375 0.35859375 0.0265625 0.040625
0 0.43671875 0.3953125 0.0265625 0.0375
0 0.4609375 0.36796875 0.034375 0.040625
0 0.46484375 0.3953125 0.0296875 0.034375
0 0.4953125 0.396875 0.028125 0.04375
0 0.5078125 0.3640625 0.028125 0.04375
0 0.5203125 0.39375 0.021875 0.0296875
0 0.48671875 0.24921875 0.0125 0.03125
0 0.54296875 0.2640625 0.0125 0.0203125
0 0.54765625 0.29375 0.021875 0.021875
0 0.57890625 0.3171875 0.028125 0.034375
0 0.59921875 0.36484375 0.0234375 0.028125
0 0.6203125 0.43359375 0.0296875 0.03125
0 0.65859375 0.43671875 0.028125 0.0296875
0 0.69921875 0.4234375 0.0296875 0.0375
0 0.78671875 0.38359375 0.025 0.0296875
0 0.6625 0.38671875 0.01875 0.0234375
0 0.91796875 0.434375 0.0125 0.015625
0 0.68828125 0.70078125 0.05 0.0515625
0 0.7296875 0.80078125 0.0375 0.040625
0 0.69453125 0.8765625 0.034375 0.0390625
0 0.65546875 0.90546875 0.0375 0.0390625
0 0.6453125 0.81953125 0.04375 0.0484375
0 0.59453125 0.821875 0.04375 0.05625
0 0.69453125 0.81640625 0.04375 0.0515625
0 0.64609375 0.6078125 0.028125 0.0375
0 0.6453125 0.5625 0.025 0.0265625
0 0.65234375 0.53203125 0.025 0.0296875
0 0.64296875 0.4828125 0.021875 0.0265625
0 0.60390625 0.56484375 0.0578125 0.0625
0 0.59921875 0.6203125 0.028125 0.04375
0 0.490625 0.69921875 0.059375 0.065625
0 0.58203125 0.64453125 0.028125 0.034375
0 0.6234375 0.63203125 0.0484375 0.053125
0 0.58203125 0.60625 0.034375 0.0265625
0 0.45859375 0.6578125 0.025 0.0375
0 0.47421875 0.63046875 0.04375 0.040625
0 0.4421875 0.59765625 0.034375 0.053125
0 0.46640625 0.57890625 0.034375 0.04375
0 0.4859375 0.4890625 0.0546875 0.06875
0 0.490625 0.5546875 0.05 0.0625
0 0.51640625 0.58359375 0.046875 0.0578125
0 0.53125 0.54375 0.040625 0.065625
0 0.55234375 0.52265625 0.065625 0.0875
0 0.58671875 0.49921875 0.06875 0.078125
1 0.5 0.5 0.1 0.1