0 0.74453125 0.978125 0.06875 0.04375
0 0.5796875 0.9296875 0.03125 0.040625
0 0.63203125 0.9 0.0375 0.046875
0 0.46328125 0.78984375 0.028125 0.0390625
0 0.49296875 0.7953125 0.034375 0.0421875
0 0.4953125 0.82109375 0.03125 0.03125
0 0.31171875 0.27421875 0.03125 0.0375
0 0.31484375 0.23125 0.015625 0.028125
0 0.3390625 0.2015625 0.034375 0.0484375
0 0.3515625 0.1453125 0.034375 0.04375
0 0.33125 0.09140625 0.034375 0.04375
0 0.33125 0.01328125 0.03125 0.025
0 0.3765625 0.03203125 0.0375 0.05
0 0.43828125 0.0046875 0.021875 0.009375
0 0.4671875 0.053125 0.028125 0.046875
0 0.39296875 0.05859375 0.034375 0.0390625
0 0.41640625 0.0734375 0.028125 0.034375
0 0.409375 0.10390625 0.03125 0.040625
0 0.39296875 0.14453125 0.040625 0.0421875
0 0.42421875 0.18125 0.034375 0.040625
0 0.42265625 0.24375 0.015625 0.028125
0 0.38515625 0.21484375 0.009375 0.025
0 0.4421875 0.2203125 0.028125 0.0375
0 0.471875 0.221875 0.025 0.0375
0 0.45234375 0.24296875 0.034375 0.0421875
0 0.4296875 0.27421875 0.028125 0.034375
0 0.3953125 0.296875 0.021875 0.03125
0 0.415625 0.30390625 0.025 0.0375
0 0.41015625 0.346875 0.028125 0.040625
0 0.4296875 0.321875 0.03125 0.046875
0 0.43671875 0.3546875 0.025 0.040625
0 0.440625 0.390625 0.025 0.034375
0 0.4640625 0.3640625 0.03125 0.040625
0 0.46796875 0.390625 0.028125 0.034375
0 0.496875 0.3921875 0.028125 0.0421875
0 0.50859375 0.359375 0.028125 0.0421875
0 0.52109375 0.3890625 0.021875 0.028125
0 0.4890625 0.2484375 0.0109375 0.03125
0 0.54375 0.26328125 0.0109375 0.01875
0 0.54765625 0.2921875 0.021875 0.021875
0 0.578125 0.31484375 0.028125 0.034375
0 0.59765625 0.36015625 0.021875 0.028125
0 0.61875 0.42734375 0.028125 0.03125
0 0.65546875 0.43046875 0.028125 0.028125
0 0.6953125 0.41796875 0.028125 0.034375
0 0.7796875 0.37890625 0.025 0.028125
0 0.659375 0.38203125 0.01875 0.021875
0 0.90703125 0.428125 0.0125 0.015625
0 0.99765625 0.71015625 0.0046875 0.025
0 0.684375 0.68671875 0.0484375 0.05
0 0.725 0.78359375 0.0375 0.040625
0 0.690625 0.85703125 0.034375 0.0375
0 0.65234375 0.88515625 0.034375 0.0390625
0 0.64296875 0.80234375 0.04375 0.046875
0 0.59375 0.8046875 0.0421875 0.0546875
0 0.690625 0.79921875 0.0421875 0.05
0 0.64375 0.596875 0.028125 0.0375
0 0.64296875 0.55234375 0.025 0.025
0 0.64921875 0.5234375 0.025 0.028125
0 0.640625 0.475 0.021875 0.025
0 0.60234375 0.5546875 0.05625 0.059375
0 0.59765625 0.60859375 0.028125 0.04375
0 0.49296875 0.68515625 0.0578125 0.0625
0 0.58125 0.63203125 0.028125 0.034375
0 0.621875 0.6203125 0.046875 0.0515625
0 0.58125 0.5953125 0.03125 0.025
0 0.4609375 0.6453125 0.025 0.0375
0 0.4765625 0.61875 0.0421875 0.040625
0 0.4453125 0.58671875 0.03125 0.0515625
0 0.46953125 0.56875 0.034375 0.04375
0 0.48828125 0.48125 0.053125 0.065625
0 0.49296875 0.5453125 0.0484375 0.059375
0 0.51796875 0.5734375 0.0453125 0.05625
0 0.53203125 0.534375 0.0390625 0.065625
0 0.55234375 0.5140625 0.065625 0.084375
0 0.58515625 0.49140625 0.065625 0.075
1 0.5 0.5 0.1 0.1