0 0.7671875 0.309375 0.021875 0.009375
0 0.76953125 0.3 0.021875 0.00859375
0 0.7546875 0.25390625 0.01953125 0.01015625
0 0.915625 0.27734375 0.0171875 0.009375
0 0.32265625 0.37109375 0.015625 0.0078125
0 0.8765625 0.271875 0.015625 0.00859375
0 0.6953125 0.34296875 0.0203125 0.009375
0 0.521875 0.35625 0.0203125 0.0109375
0 0.82734375 0.27421875 0.01796875 0.009375
0 0.8625 0.26953125 0.0125 0.00703125
0 0.54296875 0.36875 0.02109375 0.01171875
0 0.5859375 0.31875 0.02109375 0.0078125
0 0.83125 0.28203125 0.0171875 0.009375
0 0.778125 0.30703125 0.01875 0.0109375
0 0.78203125 0.3125 0.01953125 0.009375
1 0.5 0.5 0.1 0.1