0 0.78046875 0.31171875 0.01796875 0.01015625
0 0.52265625 0.35625 0.0203125 0.01015625
0 0.58203125 0.31875 0.02421875 0.009375
0 0.76640625 0.3 0.01796875 0.01015625
0 0.76484375 0.30859375 0.02109375 0.00859375
0 0.828125 0.28125 0.01953125 0.00859375
0 0.82578125 0.2734375 0.01875 0.0078125
0 0.87421875 0.27109375 0.0171875 0.00703125
0 0.859375 0.26875 0.0125 0.00703125
0 0.75234375 0.25234375 0.01796875 0.00859375
0 0.7765625 0.30625 0.01640625 0.00859375
0 0.91328125 0.275 0.01796875 0.00703125
0 0.5421875 0.36875 0.021875 0.01171875
1 0.5 0.5 0.1 0.1