0 0.54140625 0.33984375 0.021875 0.009375
0 0.56328125 0.35390625 0.021875 0.0109375
0 0.81953125 0.28515625 0.0203125 0.009375
0 0.8234375 0.290625 0.021875 0.009375
0 0.8046875 0.28671875 0.015625 0.009375
0 0.809375 0.278125 0.01875 0.009375
0 0.87578125 0.25859375 0.01875 0.009375
0 0.87421875 0.24921875 0.015625 0.00625
0 0.7953125 0.2265625 0.01875 0.009375
0 0.609375 0.29921875 0.01875 0.00625
0 0.646875 0.665625 0.0140625 0.0078125
0 0.47109375 0.15859375 0.0125 0.00625
1 0.5 0.5 0.1 0.1