0 0.11015625 0.365625 0.04375 0.03125
0 0.103125 0.39921875 0.046875 0.040625
0 0.0734375 0.40234375 0.034375 0.034375
0 0.69921875 0.19296875 0.0421875 0.0375
0 0.7484375 0.1953125 0.034375 0.01875
0 0.78203125 0.2234375 0.05625 0.040625
0 0.846875 0.23828125 0.05 0.040625
0 0.90859375 0.21484375 0.05 0.040625
0 0.99140625 0.21484375 0.015625 0.034375
0 0.9734375 0.26640625 0.053125 0.0421875
0 0.95234375 0.3703125 0.053125 0.034375
0 0.9453125 0.28515625 0.04375 0.0390625
0 0.92890625 0.31171875 0.0390625 0.034375
0 0.89375 0.3046875 0.046875 0.0375
0 0.84765625 0.28515625 0.046875 0.046875
0 0.80546875 0.32109375 0.046875 0.040625
0 0.734375 0.31953125 0.034375 0.01875
0 0.7671875 0.2765625 0.0296875 0.0109375
0 0.7609375 0.34140625 0.0421875 0.034375
0 0.759375 0.37578125 0.0421875 0.028125
0 0.73515625 0.353125 0.046875 0.0390625
0 0.69921875 0.32734375 0.040625 0.03125
0 0.6734375 0.2875 0.0375 0.025
0 0.66484375 0.3109375 0.0421875 0.028125
0 0.61640625 0.30546875 0.046875 0.034375
0 0.64453125 0.32734375 0.053125 0.034375
0 0.60703125 0.3359375 0.046875 0.0296875
0 0.56640625 0.33984375 0.040625 0.0296875
0 0.596875 0.36640625 0.046875 0.0375
0 0.56640625 0.37109375 0.0390625 0.034375
0 0.56484375 0.40390625 0.046875 0.03125
0 0.6015625 0.41796875 0.046875 0.03125
0 0.56796875 0.43203125 0.034375 0.025
0 0.72890625 0.39453125 0.034375 0.0125
0 0.7125 0.4578125 0.021875 0.0125
0 0.67890625 0.4625 0.025 0.025
0 0.653125 0.496875 0.0390625 0.03125
0 0.60078125 0.51953125 0.03125 0.025
0 0.52421875 0.54296875 0.034375 0.034375
0 0.5203125 0.5859375 0.034375 0.03125
0 0.53515625 0.63125 0.040625 0.034375
0 0.5796875 0.728125 0.034375 0.028125
0 0.57578125 0.590625 0.025 0.0203125
0 0.5234375 0.8734375 0.01875 0.015625
0 0.20078125 0.9859375 0.028125 0.025
0 0.2265625 0.61875 0.05625 0.05625
0 0.11640625 0.66484375 0.046875 0.0421875
0 0.03203125 0.62578125 0.0421875 0.0390625
0 0.0109375 0.58125 0.021875 0.040625
0 0.0953125 0.57109375 0.053125 0.05
0 0.0921875 0.51484375 0.0625 0.046875
0 0.0984375 0.62578125 0.05625 0.046875
0 0.33046875 0.571875 0.0421875 0.03125
0 0.38125 0.57109375 0.0296875 0.028125
0 0.4140625 0.578125 0.034375 0.028125
0 0.46953125 0.56796875 0.0296875 0.025
0 0.378125 0.525 0.06875 0.065625
0 0.31640625 0.51953125 0.05 0.03125
0 0.22890625 0.39921875 0.071875 0.065625
0 0.28984375 0.50078125 0.0390625 0.03125
0 0.303125 0.546875 0.059375 0.053125
0 0.33203125 0.50078125 0.0296875 0.0375
0 0.275 0.36328125 0.0421875 0.028125
0 0.30546875 0.38125 0.046875 0.046875
0 0.34140625 0.3453125 0.059375 0.0375
0 0.3625 0.37265625 0.05 0.0390625
0 0.4625 0.39375 0.075 0.0609375
0 0.3890625 0.39921875 0.06875 0.05625
0 0.35703125 0.428125 0.065625 0.0515625
0 0.4015625 0.44453125 0.0734375 0.04375
0 0.425 0.46796875 0.096875 0.0734375
0 0.45078125 0.50546875 0.0875 0.075