0 0.37109375 0.2484375 0.009375 0.01875
0 0.3671875 0.08984375 0.009375 0.01875
0 0.34296875 0.0765625 0.009375 0.0234375
0 0.3609375 0.096875 0.0078125 0.0203125
0 0.34140625 0.421875 0.0125 0.025
0 0.3609375 0.434375 0.0125 0.025
0 0.31796875 0.31875 0.009375 0.015625
0 0.30078125 0.696875 0.009375 0.021875
0 0.70625 0.6984375 0.009375 0.0171875
0 0.29375 0.11484375 0.009375 0.01875
0 0.36171875 0.16640625 0.009375 0.021875
0 0.35625 0.16171875 0.009375 0.0203125
0 0.35859375 0.0140625 0.009375 0.0171875
0 0.34453125 0.03984375 0.009375 0.01875
0 0.334375 0.06953125 0.0078125 0.01875