0 0.5875 0.3421875 0.0125 0.00625
0 0.06328125 0.38984375 0.01484375 0.00625
0 0.24609375 0.36171875 0.01484375 0.00546875
0 0.08671875 0.41796875 0.01171875 0.00625
0 0.53984375 0.571875 0.009375 0.0046875
0 0.6421875 0.2703125 0.01484375 0.00546875
0 0.7578125 0.28359375 0.01171875 0.00546875
0 0.696875 0.29140625 0.01328125 0.00703125
0 0.6953125 0.2859375 0.01171875 0.00625
0 0.66484375 0.31328125 0.0140625 0.00703125
0 0.65234375 0.3109375 0.01171875 0.00625
0 0.65234375 0.3046875 0.01484375 0.00625
0 0.6609375 0.31015625 0.0125 0.00703125
0 0.45859375 0.35546875 0.0140625 0.00625
0 0.4703125 0.32578125 0.0125 0.00703125
0 0.50546875 0.3265625 0.015625 0.00546875