0 0.725 0.28828125 0.0125 0.00625
0 0.72265625 0.2828125 0.009375 0.00625
0 0.68046875 0.30078125 0.0125 0.00625
0 0.61484375 0.3390625 0.015625 0.00625
0 0.97578125 0.484375 0.0078125 0.003125
0 0.53203125 0.32421875 0.0171875 0.00625
0 0.571875 0.56953125 0.0109375 0.0046875
0 0.48671875 0.353125 0.015625 0.0078125
0 0.1140625 0.41640625 0.0109375 0.00625
0 0.28359375 0.35546875 0.0171875 0.0078125
0 0.27265625 0.36015625 0.01875 0.00625
0 0.66796875 0.26796875 0.015625 0.00625
0 0.7984375 0.2796875 0.015625 0.00625
0 0.78515625 0.2796875 0.0125 0.00625
0 0.6875 0.30625 0.0125 0.0078125
0 0.6921875 0.309375 0.015625 0.00625
0 0.68046875 0.30625 0.015625 0.00625