0 0.753125 0.36953125 0.01953125 0.01015625
0 0.91015625 0.36484375 0.01796875 0.009375
0 0.9234375 0.340625 0.0234375 0.01015625
0 0.903125 0.35859375 0.01953125 0.0078125
0 0.58203125 0.33984375 0.025 0.0109375
0 0.56953125 0.359375 0.0234375 0.0125
0 0.68359375 0.31640625 0.01640625 0.01015625
0 0.31015625 0.29921875 0.021875 0.00859375
0 0.3078125 0.70078125 0.01640625 0.00859375
0 0.88515625 0.2921875 0.01953125 0.01015625
0 0.834375 0.36015625 0.021875 0.009375
0 0.8390625 0.35390625 0.0203125 0.009375
0 0.98515625 0.35703125 0.01640625 0.01015625
0 0.959375 0.3421875 0.01796875 0.009375
0 0.9296875 0.3328125 0.01875 0.0078125