0 0.64140625 0.30703125 0.01171875 0.00703125
0 0.65234375 0.31484375 0.0140625 0.00625
0 0.6484375 0.3109375 0.01171875 0.00703125
0 0.5421875 0.5609375 0.0109375 0.0046875
0 0.921875 0.4796875 0.00859375 0.00390625
0 0.58125 0.34296875 0.0109375 0.00546875
0 0.7515625 0.2859375 0.015625 0.00546875
0 0.50234375 0.328125 0.01484375 0.0046875
0 0.459375 0.35625 0.01328125 0.00625
0 0.2546875 0.36171875 0.01484375 0.00546875
0 0.265625 0.35859375 0.0140625 0.00703125
0 0.73984375 0.2859375 0.01171875 0.00625
0 0.68125 0.2890625 0.0109375 0.00546875
0 0.6828125 0.29453125 0.0125 0.00625
0 0.6421875 0.31171875 0.015625 0.00703125