0 0.46640625 0.39921875 0.01875 0.009375
0 0.475 0.41484375 0.015625 0.009375
0 0.10625 0.3515625 0.021875 0.0109375
0 0.21953125 0.28203125 0.021875 0.009375
0 0.2046875 0.28515625 0.021875 0.0109375
0 0.16796875 0.28671875 0.025 0.009375
0 0.2421875 0.2796875 0.021875 0.0125
0 0.2234375 0.28984375 0.021875 0.009375
0 0.08671875 0.34765625 0.01875 0.009375
0 0.0703125 0.31171875 0.021875 0.0109375
0 0.90859375 0.31953125 0.0171875 0.009375
0 0.896875 0.3140625 0.01875 0.009375
0 0.73203125 0.271875 0.015625 0.00625
0 0.67109375 0.2828125 0.01875 0.009375
0 0.83046875 0.50859375 0.0125 0.00625
0 0.31640625 0.0671875 0.025 0.009375
0 0.29609375 0.0640625 0.021875 0.009375