0 0.3015625 0.353125 0.00625 0.0125
0 0.31015625 0.3421875 0.00625 0.0140625
0 0.30625 0.34609375 0.0078125 0.0125
0 0.56015625 0.45390625 0.0046875 0.0109375
0 0.478125 0.06796875 0.003125 0.009375
0 0.33828125 0.4140625 0.00625 0.0109375
0 0.28125 0.24140625 0.00625 0.015625
0 0.32421875 0.49453125 0.0046875 0.015625
0 0.35234375 0.53828125 0.00625 0.0125
0 0.3578125 0.7453125 0.00625 0.015625
0 0.3546875 0.73515625 0.00625 0.0140625
0 0.28125 0.253125 0.00625 0.0125
0 0.284375 0.3125 0.00625 0.0109375
0 0.28984375 0.3109375 0.00625 0.0125
0 0.30703125 0.35234375 0.00625 0.015625