0 0.4046875 0.496875 0.009375 0.015625
0 0.3890625 0.50703125 0.009375 0.01875
0 0.2734375 0.76015625 0.009375 0.021875
0 0.2765625 0.775 0.0109375 0.021875
0 0.27109375 0.7375 0.0125 0.021875
0 0.28046875 0.75625 0.009375 0.021875
0 0.278125 0.81015625 0.009375 0.028125
0 0.05390625 0.66640625 0.009375 0.025
0 0.05234375 0.6859375 0.009375 0.021875
0 0.2578125 0.2375 0.00625 0.0171875
0 0.303125 0.05234375 0.009375 0.01875
0 0.2984375 0.0640625 0.009375 0.0203125
0 0.35 0.07890625 0.0078125 0.015625
0 0.5015625 0.13125 0.00625 0.0140625
0 0.30546875 0.90859375 0.009375 0.021875
0 0.34453125 0.871875 0.0109375 0.021875