0 0.4265625 0.78984375 0.009375 0.01875
0 0.3921875 0.346875 0.009375 0.021875
0 0.40859375 0.5515625 0.0125 0.025
0 0.4234375 0.528125 0.0140625 0.028125
0 0.35625 0.24296875 0.0125 0.021875
0 0.3515625 0.26328125 0.0109375 0.025
0 0.35 0.24765625 0.009375 0.021875
0 0.3421875 0.2609375 0.0125 0.0234375
0 0.31953125 0.1875 0.009375 0.025
0 0.31015625 0.18984375 0.009375 0.0171875
0 0.28515625 0.27578125 0.009375 0.021875
0 0.3125 0.08671875 0.009375 0.0234375
0 0.30703125 0.13203125 0.009375 0.0203125
0 0.36484375 0.48046875 0.0109375 0.03125