0 0.31796875 0.36953125 0.015625 0.0078125
0 0.69140625 0.33984375 0.01796875 0.00859375
0 0.51875 0.35390625 0.021875 0.01171875
0 0.5390625 0.3671875 0.0234375 0.01171875
0 0.77890625 0.31015625 0.01875 0.01015625
0 0.76171875 0.30625 0.02109375 0.009375
0 0.77421875 0.3046875 0.01875 0.00859375
0 0.76328125 0.2984375 0.01953125 0.01015625
0 0.82578125 0.27890625 0.02109375 0.00859375
0 0.8234375 0.27109375 0.0140625 0.00859375
0 0.75078125 0.25 0.01953125 0.0078125
0 0.9109375 0.2734375 0.01953125 0.0078125
0 0.871875 0.26875 0.0171875 0.0078125
0 0.57890625 0.3171875 0.02578125 0.009375