0 0.30625 0.3296875 0.00625 0.015625
0 0.60546875 0.525 0.0046875 0.0109375
0 0.39140625 0.83359375 0.00625 0.01875
0 0.38671875 0.82265625 0.0078125 0.0125
0 0.51796875 0.1125 0.003125 0.009375
0 0.309375 0.29609375 0.00625 0.0140625
0 0.309375 0.309375 0.00625 0.0125
0 0.31171875 0.371875 0.00625 0.0125
0 0.31796875 0.37109375 0.00625 0.0125
0 0.33046875 0.415625 0.00625 0.015625
0 0.3390625 0.40390625 0.00625 0.0140625
0 0.33515625 0.4078125 0.00625 0.0125
0 0.35390625 0.565625 0.0046875 0.015625
0 0.384375 0.6125 0.00625 0.0140625