0 0.778125 0.303125 0.034375 0.015625
0 0.88125 0.36328125 0.03125 0.0140625
0 0.87265625 0.37734375 0.0328125 0.015625
0 0.94921875 0.375 0.03125 0.0140625
0 0.9484375 0.38359375 0.0296875 0.0140625
0 0.92578125 0.3671875 0.028125 0.0125
0 0.7359375 0.39140625 0.034375 0.015625
0 0.7453125 0.40625 0.03125 0.015625
0 0.74453125 0.41796875 0.0359375 0.0140625
0 0.72265625 0.40546875 0.0375 0.015625
0 0.8875 0.415625 0.0359375 0.015625
0 0.86953125 0.40703125 0.028125 0.0140625
0 0.375 0.36484375 0.040625 0.0171875
0 0.18203125 0.4203125 0.04375 0.01875
0 0.2765625 0.35078125 0.034375 0.0171875
0 0.89140625 0.12421875 0.028125 0.0125
0 0.88671875 0.134375 0.028125 0.0125
0 0.56015625 0.4484375 0.03125 0.015625
0 0.21875 0.45234375 0.04375 0.01875
0 0.23515625 0.49140625 0.021875 0.009375