0 0.06484375 0.43125 0.01171875 0.00625
0 0.640625 0.33671875 0.01328125 0.00703125
0 0.71953125 0.30625 0.01640625 0.0078125
0 0.7078125 0.30234375 0.0171875 0.0078125
0 0.70703125 0.29609375 0.01328125 0.0078125
0 0.75703125 0.2796875 0.0140625 0.00703125
0 0.75546875 0.27421875 0.0140625 0.00625
0 0.69375 0.25703125 0.0140625 0.00546875
0 0.59765625 0.6015625 0.0109375 0.0046875
0 0.83515625 0.27265625 0.01328125 0.00703125
0 0.25 0.3625 0.0140625 0.00703125
0 0.54609375 0.31796875 0.015625 0.00625
0 0.4953125 0.3515625 0.01640625 0.0078125
0 0.715625 0.3015625 0.0140625 0.00859375