0 0.43046875 0.9484375 0.00625 0.0125
0 0.3328125 0.35703125 0.00625 0.0140625
0 0.3015625 0.2765625 0.0078125 0.015625
0 0.2984375 0.2890625 0.009375 0.0171875
0 0.2921875 0.2890625 0.0078125 0.0140625
0 0.275 0.2375 0.00625 0.0140625
0 0.26875 0.23984375 0.00625 0.0140625
0 0.2515625 0.303125 0.00625 0.0140625
0 0.6046875 0.4015625 0.0046875 0.0109375
0 0.26796875 0.1578125 0.0078125 0.0140625
0 0.359375 0.7578125 0.00625 0.015625
0 0.31484375 0.4546875 0.00625 0.015625
0 0.3484375 0.50625 0.0078125 0.015625
0 0.29765625 0.28046875 0.009375 0.0140625
1 0.5 0.5 0.1 0.1