0 0.52890625 0.5890625 0.009375 0.0046875
0 0.04375 0.4296875 0.0125 0.00703125
0 0.62890625 0.27421875 0.0109375 0.0046875
0 0.74375 0.3109375 0.0109375 0.00625
0 0.75859375 0.28828125 0.015625 0.00625
0 0.6515625 0.31875 0.0140625 0.0078125
0 0.6390625 0.315625 0.01328125 0.00703125
0 0.48984375 0.33125 0.015625 0.00625
0 0.57578125 0.34765625 0.01171875 0.00625
0 0.63984375 0.31015625 0.0140625 0.00703125
0 0.68515625 0.29609375 0.015625 0.00625
0 0.68515625 0.290625 0.01171875 0.00625
0 0.44296875 0.36171875 0.01484375 0.00703125
1 0.5 0.5 0.1 0.1