0 0.70703125 0.29453125 0.01328125 0.00703125
0 0.70546875 0.2890625 0.009375 0.00546875
0 0.66484375 0.30625 0.0109375 0.00625
0 0.6015625 0.34296875 0.0140625 0.00625
0 0.9484375 0.48359375 0.00703125 0.00390625
0 0.52109375 0.32890625 0.01640625 0.00625
0 0.56015625 0.565625 0.01015625 0.0046875
0 0.478125 0.35625 0.0140625 0.00703125
0 0.11875 0.41796875 0.01015625 0.00546875
0 0.28203125 0.359375 0.01640625 0.0078125
0 0.271875 0.36328125 0.0171875 0.00546875
0 0.653125 0.27421875 0.015625 0.00546875
0 0.778125 0.2859375 0.015625 0.00625
0 0.76484375 0.2859375 0.01171875 0.00546875
0 0.671875 0.31171875 0.01171875 0.00703125
0 0.67578125 0.31484375 0.015625 0.00703125
0 0.66484375 0.31171875 0.0140625 0.00625
1 0.5 0.5 0.1 0.1