0 0.6984375 0.284375 0.01328125 0.00625
0 0.52109375 0.55546875 0.009375 0.0046875
0 0.2421875 0.3609375 0.0171875 0.00546875
0 0.2515625 0.35703125 0.01171875 0.00703125
0 0.89453125 0.47578125 0.0078125 0.00390625
0 0.728125 0.28671875 0.01328125 0.00625
0 0.71640625 0.28671875 0.0109375 0.00625
0 0.66015625 0.2890625 0.01171875 0.00546875
0 0.6609375 0.29453125 0.01171875 0.00625
0 0.6203125 0.30625 0.01328125 0.00625
0 0.63046875 0.3140625 0.0125 0.00625
0 0.628125 0.3109375 0.01171875 0.00625
0 0.484375 0.32734375 0.01328125 0.0046875
0 0.4421875 0.3546875 0.0125 0.00625
1 0.5 0.5 0.1 0.1