0 0.4671875 0.58671875 0.1328125 0.2828125
0 0.7515625 0.33671875 0.128125 0.18125
0 0.86953125 0.68671875 0.15859375 0.17890625
0 0.03828125 0.20859375 0.0765625 0.16484375
0 0.18984375 0.22734375 0.1328125 0.17890625
0 0.31640625 0.35703125 0.1296875 0.21328125
0 0.33671875 0.55390625 0.1203125 0.18515625
0 0.5703125 0.859375 0.1328125 0.26796875
0 0.66796875 0.70546875 0.15078125 0.2359375
0 0.725 0.74765625 0.134375 0.23203125
0 0.56328125 0.43671875 0.1375 0.19140625
0 0.56796875 0.60703125 0.11328125 0.2375
0 0.3828125 0.6953125 0.10859375 0.2359375
1 0.5 0.5 0.1 0.1