0 0.46171875 0.13203125 0.015625 0.0125
0 0.46953125 0.50234375 0.0265625 0.025
0 0.86484375 0.36015625 0.025 0.01875
0 0.41328125 0.58515625 0.0375 0.025
0 0.43046875 0.13671875 0.015625 0.0109375
0 0.30390625 0.50078125 0.0375 0.021875
0 0.40078125 0.45234375 0.028125 0.025
0 0.51640625 0.59765625 0.0296875 0.021875
0 0.1609375 0.48203125 0.034375 0.021875
0 0.58203125 0.71015625 0.03125 0.025
0 0.49609375 0.48359375 0.025 0.01875
0 0.91484375 0.2921875 0.034375 0.021875
0 0.09296875 0.41640625 0.034375 0.0265625
0 0.60078125 0.653125 0.03125 0.025
0 0.57109375 0.2390625 0.025 0.021875
0 0.85 0.45703125 0.0171875 0.0125
0 0.16640625 0.315625 0.0328125 0.021875
0 0.54296875 0.2140625 0.028125 0.01875
0 0.5546875 0.5125 0.028125 0.021875
0 0.60859375 0.725 0.034375 0.028125
0 0.68125 0.571875 0.028125 0.021875
0 0.1296875 0.42109375 0.0375 0.028125
0 0.29921875 0.40078125 0.025 0.0203125
0 0.35703125 0.57421875 0.04375 0.0328125
0 0.63984375 0.50625 0.0265625 0.021875
0 0.3453125 0.521875 0.04375 0.0265625
0 0.60625 0.2484375 0.03125 0.021875
0 0.45625 0.57109375 0.034375 0.0234375
0 0.66640625 0.5046875 0.028125 0.021875
0 0.3796875 0.53671875 0.0421875 0.028125
0 0.38125 0.50546875 0.0421875 0.03125
0 0.53203125 0.2640625 0.028125 0.0203125
0 0.4453125 0.60234375 0.03125 0.025
0 0.70078125 0.5890625 0.0328125 0.0234375
0 0.596875 0.690625 0.028125 0.021875
0 0.7328125 0.59921875 0.03125 0.021875
0 0.1828125 0.46640625 0.034375 0.0234375
0 0.3609375 0.43203125 0.0328125 0.021875
0 0.36328125 0.615625 0.046875 0.0375