0 0.4703125 0.1484375 0.0140625 0.0125
0 0.478125 0.51015625 0.02578125 0.0234375
0 0.009375 0.35390625 0.01875 0.025
0 0.865625 0.37109375 0.025 0.01796875
0 0.4234375 0.59140625 0.03671875 0.025
0 0.43984375 0.15234375 0.015625 0.0109375
0 0.315625 0.509375 0.03671875 0.021875
0 0.4109375 0.4609375 0.028125 0.0234375
0 0.4796875 0.0078125 0.01484375 0.01171875
0 0.5234375 0.60390625 0.02890625 0.0203125
0 0.17578125 0.490625 0.0328125 0.02265625
0 0.58828125 0.7140625 0.03125 0.0234375
0 0.50390625 0.4921875 0.02578125 0.01796875
0 0.9140625 0.3046875 0.03359375 0.0203125
0 0.109375 0.4265625 0.034375 0.02578125
0 0.60703125 0.65859375 0.0296875 0.025
0 0.578125 0.253125 0.0234375 0.021875
0 0.85078125 0.46640625 0.0171875 0.0125
0 0.18125 0.328125 0.03203125 0.02265625
0 0.55 0.228125 0.028125 0.01875
0 0.5609375 0.5203125 0.0265625 0.0203125
0 0.6140625 0.72890625 0.03359375 0.0265625
0 0.68515625 0.57890625 0.028125 0.0203125
0 0.1453125 0.43046875 0.03671875 0.0265625
0 0.31171875 0.4109375 0.02578125 0.0203125
0 0.36796875 0.58046875 0.04296875 0.03203125
0 0.64453125 0.5140625 0.02578125 0.0203125
0 0.35625 0.5296875 0.0421875 0.0265625
0 0.61171875 0.26171875 0.03046875 0.0203125
0 0.46484375 0.578125 0.0328125 0.0234375
0 0.67109375 0.51328125 0.02734375 0.02265625
0 0.38984375 0.54453125 0.040625 0.028125
0 0.39140625 0.51328125 0.040625 0.03125
0 0.5390625 0.27734375 0.02734375 0.0203125
0 0.4546875 0.60859375 0.0296875 0.02421875
0 0.7046875 0.5953125 0.03203125 0.0234375
0 0.60234375 0.6953125 0.028125 0.0203125
0 0.7359375 0.6046875 0.03125 0.0203125
0 0.196875 0.475 0.0328125 0.0234375
0 0.371875 0.44140625 0.03203125 0.021875
0 0.3734375 0.621875 0.04609375 0.0359375