0 0.26640625 0.39140625 0.125 0.23125
0 0.70390625 0.47421875 0.1359375 0.209375
0 0.60625 0.56640625 0.125 0.278125
0 0.74921875 0.3390625 0.13125 0.203125
0 0.49453125 0.37578125 0.1265625 0.23125
0 0.36953125 0.1546875 0.134375 0.1953125
0 0.48828125 0.5765625 0.140625 0.234375
0 0.3234375 0.68671875 0.13125 0.2421875
0 0.21640625 0.5953125 0.1375 0.2421875
0 0.646875 0.2671875 0.1375 0.19375
0 0.34921875 0.5046875 0.1421875 0.2328125
0 0.56015625 0.134375 0.121875 0.2203125
0 0.69296875 0.66171875 0.140625 0.203125
0 0.596875 0.36484375 0.084375 0.165625
0 0.52265625 0.740625 0.15625 0.2203125
0 0.41484375 0.68125 0.096875 0.1671875
0 0.37578125 0.30859375 0.1 0.1484375