0 0.25859375 0.41015625 0.11640625 0.21484375
0 0.6640625 0.48671875 0.12578125 0.19375
0 0.5734375 0.57265625 0.11640625 0.2578125
0 0.70625 0.3625 0.1203125 0.18671875
0 0.4703125 0.39609375 0.1171875 0.2140625
0 0.3546875 0.19140625 0.125 0.18046875
0 0.4640625 0.58203125 0.13125 0.21640625
0 0.3109375 0.68359375 0.121875 0.2234375
0 0.2125 0.59921875 0.1265625 0.2234375
0 0.6109375 0.29609375 0.128125 0.18046875
0 0.33515625 0.515625 0.13203125 0.215625
0 0.53046875 0.17265625 0.1125 0.203125
0 0.65390625 0.6609375 0.1296875 0.1875
0 0.56484375 0.3859375 0.078125 0.153125
0 0.4953125 0.73359375 0.1453125 0.20390625
0 0.39609375 0.67890625 0.090625 0.15390625
0 0.36015625 0.334375 0.09140625 0.1375