0 0.71953125 0.52421875 0.10546875 0.15390625
0 0.678125 0.39140625 0.09453125 0.10234375
0 0.30625 0.23515625 0.10546875 0.13046875
0 0.19765625 0.1875 0.11875 0.0984375
0 0.0921875 0.10625 0.1 0.14453125
0 0.3171875 0.39609375 0.09453125 0.16640625
0 0.59609375 0.515625 0.09453125 0.15859375
0 0.69453125 0.26484375 0.109375 0.1125
0 0.60546875 0.1984375 0.0875 0.1078125
0 0.1734375 0.40078125 0.0875 0.140625
0 0.103125 0.57890625 0.1078125 0.0921875
0 0.121875 0.3015625 0.0875 0.10625
0 0.56953125 0.7 0.0859375 0.1265625
0 0.7671875 0.87890625 0.0875 0.134375
0 0.6421875 0.815625 0.10390625 0.12421875
0 0.68828125 0.9109375 0.096875 0.1265625
0 0.54140625 0.61328125 0.11640625 0.11640625
0 0.61328125 0.31640625 0.08203125 0.13203125
0 0.8015625 0.32265625 0.10546875 0.10390625
0 0.8671875 0.34296875 0.0875 0.1078125
0 0.78984375 0.15703125 0.07109375 0.13828125
0 0.91015625 0.48203125 0.1 0.0984375
0 0.6609375 0.67109375 0.078125 0.11640625
0 0.17109375 0.6203125 0.05859375 0.08984375
0 0.3578125 0.8421875 0.07109375 0.10234375
0 0.0296875 0.0984375 0.05625 0.13203125
0 0.7703125 0.74453125 0.0859375 0.1421875
0 0.059375 0.70234375 0.0671875 0.10625
0 0.3296875 0.9203125 0.08046875 0.0984375
1 0.5 0.5 0.1 0.1