0 0.28515625 0.0515625 0.2078125 0.103125
0 0.2953125 0.66484375 0.2 0.14375
0 0.215625 0.16640625 0.196875 0.153125
0 0.1328125 0.815625 0.2015625 0.1296875
0 0.7171875 0.240625 0.184375 0.1703125
0 0.66484375 0.609375 0.203125 0.153125
0 0.49765625 0.69609375 0.175 0.1578125
0 0.4921875 0.5484375 0.2 0.1296875
0 0.02578125 0.44921875 0.0515625 0.1453125
0 0.28671875 0.84765625 0.16875 0.1578125
0 0.39140625 0.7765625 0.1453125 0.134375
0 0.8671875 0.3703125 0.215625 0.1375
0 0.8875 0.2328125 0.21875 0.1609375
0 0.81796875 0.078125 0.19375 0.15625
0 0.671875 0.040625 0.1875 0.08125
0 0.39921875 0.21171875 0.2015625 0.125
0 0.4046875 0.05703125 0.1875 0.1140625
0 0.7859375 0.50625 0.2 0.1078125
0 0.56640625 0.46875 0.18125 0.121875
0 0.70390625 0.3453125 0.2015625 0.1203125
0 0.0515625 0.615625 0.103125 0.15625
0 0.084375 0.98359375 0.14375 0.0328125
0 0.30546875 0.959375 0.16875 0.08125
0 0.94765625 0.66484375 0.1046875 0.1015625
0 0.16015625 0.44140625 0.146875 0.134375
0 0.02890625 0.34453125 0.0578125 0.1296875
1 0.5 0.5 0.1 0.1