0 0.88359375 0.29453125 0.02109375 0.009375
0 0.684375 0.42109375 0.01875 0.01015625
0 0.6953125 0.43671875 0.01640625 0.009375
0 0.42109375 0.31015625 0.02109375 0.009375
0 0.40546875 0.31328125 0.0203125 0.0109375
0 0.425 0.31796875 0.02109375 0.01015625
0 0.4421875 0.3078125 0.01875 0.0109375
0 0.3703125 0.31640625 0.025 0.01015625
0 0.3140625 0.3828125 0.021875 0.0109375
0 0.28984375 0.37265625 0.0203125 0.00625
0 0.43671875 0.26171875 0.0125 0.00703125
0 0.2765625 0.3453125 0.01953125 0.01015625
0 0.9484375 0.2796875 0.01875 0.0078125
0 0.5015625 0.09296875 0.02265625 0.009375
0 0.4796875 0.0921875 0.02265625 0.00859375
1 0.5 0.5 0.1 0.1