0 0.70390625 0.41484375 0.015625 0.00859375
0 0.69296875 0.4 0.01875 0.009375
0 0.43671875 0.29296875 0.01953125 0.00859375
0 0.43984375 0.3015625 0.02265625 0.01015625
0 0.421875 0.296875 0.0234375 0.0109375
0 0.4578125 0.290625 0.021875 0.01015625
0 0.3875 0.3 0.02421875 0.00859375
0 0.4078125 0.3265625 0.0171875 0.009375
0 0.296875 0.32890625 0.01796875 0.009375
0 0.50859375 0.07890625 0.021875 0.009375
0 0.94765625 0.2609375 0.01796875 0.0078125
0 0.88359375 0.27578125 0.01953125 0.0109375
1 0.5 0.5 0.1 0.1