0 0.3453125 0.59765625 0.09375 0.15625
0 0.8546875 0.57890625 0.096875 0.1609375
0 0.71171875 0.58046875 0.1 0.15625
0 0.5875 0.58203125 0.096875 0.15625
0 0.21953125 0.6 0.0984375 0.16875
0 0.58515625 0.37109375 0.0875 0.125
0 0.20546875 0.378125 0.090625 0.134375
0 0.5859375 0.83203125 0.09375 0.159375
0 0.346875 0.8296875 0.0890625 0.171875
0 0.8578125 0.8203125 0.1 0.171875
0 0.46328125 0.6 0.084375 0.15625
0 0.46640625 0.81953125 0.084375 0.1484375
0 0.44453125 0.38359375 0.090625 0.1375
0 0.21484375 0.82421875 0.090625 0.165625
0 0.71953125 0.82578125 0.1 0.153125
0 0.46015625 0.18515625 0.065625 0.109375
0 0.821875 0.19296875 0.08125 0.125
0 0.71484375 0.3703125 0.0875 0.140625
0 0.3453125 0.375 0.084375 0.140625
0 0.84609375 0.3546875 0.0828125 0.134375
0 0.71484375 0.19609375 0.0671875 0.11875
0 0.57265625 0.18828125 0.0625 0.11875
0 0.3484375 0.19296875 0.0671875 0.1125
0 0.21640625 0.1828125 0.05625 0.10625