2 0.46171875 0.39921875 0.01796875 0.009375
2 0.4703125 0.41484375 0.015625 0.00859375
2 0.10546875 0.3515625 0.02109375 0.0109375
2 0.21796875 0.28359375 0.021875 0.009375
2 0.203125 0.28671875 0.02265625 0.0109375
2 0.1671875 0.2875 0.025 0.009375
2 0.23984375 0.28125 0.021875 0.01328125
2 0.22109375 0.29140625 0.02109375 0.01015625
2 0.08671875 0.34765625 0.01875 0.01015625
2 0.0703125 0.3125 0.0203125 0.01015625
2 0.89921875 0.3203125 0.0171875 0.01015625
2 0.8875 0.31484375 0.01953125 0.01015625
2 0.725 0.2734375 0.01484375 0.00625
2 0.6640625 0.28359375 0.01796875 0.009375
2 0.821875 0.5078125 0.01328125 0.00625
2 0.31328125 0.0703125 0.025 0.009375
2 0.29375 0.06796875 0.0203125 0.00859375
1 0.5 0.5 0.1 0.1