0 0.4953125 0.23359375 0.02421875 0.01328125
0 0.52109375 0.23046875 0.02578125 0.01328125
0 0.52421875 0.25234375 0.02578125 0.0125
0 0.47578125 0.2375 0.02421875 0.0140625
0 0.4328125 0.23828125 0.02734375 0.01171875
0 0.32421875 0.27265625 0.02265625 0.01171875
0 0.36484375 0.315625 0.0234375 0.0125
0 0.4578125 0.275 0.02109375 0.01171875
0 0.3125 0.26328125 0.02109375 0.01171875
0 0.80390625 0.4 0.01875 0.0109375
0 0.79296875 0.38046875 0.02265625 0.01015625
0 0.45546875 0.2390625 0.0234375 0.01171875
0 0.4984375 0.24140625 0.025 0.01015625
0 0.08046875 0.434375 0.021875 0.01171875
0 0.0328125 0.04765625 0.0140625 0.0078125
0 0.03671875 0.08828125 0.01171875 0.00703125
1 0.5 0.5 0.1 0.1