0 0.33046875 0.9265625 0.06171875 0.034375
0 0.0484375 0.9828125 0.0296875 0.0234375
0 0.41875 0.7640625 0.05546875 0.040625
0 0.20625 0.62734375 0.06484375 0.06015625
0 0.2125 0.553125 0.075 0.06015625
0 0.25546875 0.58515625 0.0609375 0.0609375
0 0.14453125 0.57578125 0.05390625 0.04453125
0 0.29765625 0.3453125 0.03671875 0.03828125
0 0.3265625 0.3734375 0.05 0.05078125
0 0.453125 0.37421875 0.0390625 0.028125
0 0.52421875 0.4328125 0.06484375 0.05859375
0 0.64140625 0.4484375 0.0515625 0.05625
0 0.8015625 0.39609375 0.078125 0.05703125
0 0.8421875 0.35703125 0.040625 0.04140625
0 0.92265625 0.421875 0.05546875 0.04375
0 0.94375 0.23125 0.05703125 0.040625
0 0.89765625 0.3921875 0.04609375 0.034375
0 0.83203125 0.190625 0.0421875 0.04296875
0 0.77109375 0.18515625 0.046875 0.046875
0 0.65546875 0.253125 0.053125 0.03984375