0 0.95703125 0.65 0.0375 0.06875
0 0.7796875 0.55390625 0.04375 0.0609375
0 0.63046875 0.7859375 0.065625 0.071875
0 0.54921875 0.77890625 0.065625 0.08125
0 0.584375 0.73125 0.065625 0.0671875
0 0.57421875 0.85390625 0.05 0.059375
0 0.32265625 0.6859375 0.040625 0.040625
0 0.35390625 0.65390625 0.05625 0.0546875
0 0.35390625 0.51640625 0.03125 0.04375
0 0.41796875 0.4375 0.0640625 0.071875
0 0.43515625 0.309375 0.0625 0.05625
0 0.378125 0.13515625 0.0625 0.0859375
0 0.33515625 0.08984375 0.0453125 0.04375
0 0.40625 0.01640625 0.046875 0.0328125
0 0.37421875 0.0296875 0.0375 0.05
0 0.153125 0.10078125 0.046875 0.046875
0 0.14765625 0.16796875 0.0515625 0.0515625
0 0.221875 0.29453125 0.04375 0.059375