0 0.34609375 0.96796875 0.0671875 0.0375
0 0.44140625 0.79375 0.059375 0.04375
0 0.21328125 0.646875 0.0703125 0.0640625
0 0.21953125 0.5671875 0.08125 0.0640625
0 0.265625 0.6015625 0.065625 0.065625
0 0.146875 0.59140625 0.059375 0.046875
0 0.3109375 0.34375 0.040625 0.0421875
0 0.3421875 0.37421875 0.053125 0.05625
0 0.478125 0.375 0.0421875 0.03125
0 0.5546875 0.43828125 0.0703125 0.0640625
0 0.68046875 0.4546875 0.05625 0.059375
0 0.85234375 0.3984375 0.084375 0.059375
0 0.89609375 0.35625 0.04375 0.04375
0 0.97578125 0.4265625 0.0484375 0.046875
0 0.98671875 0.22109375 0.0265625 0.04375
0 0.95546875 0.39453125 0.05 0.0375
0 0.88515625 0.178125 0.0453125 0.046875
0 0.81953125 0.171875 0.05 0.05
0 0.6953125 0.2453125 0.05625 0.0421875