0 0.83359375 0.16875 0.08828125 0.225
0 0.88359375 0.1203125 0.0890625 0.1359375
0 0.6671875 0.4859375 0.0890625 0.18359375
0 0.61015625 0.74609375 0.09765625 0.2265625
0 0.55390625 0.48984375 0.09453125 0.20625
0 0.54453125 0.63046875 0.0828125 0.1765625
0 0.46796875 0.13359375 0.0921875 0.19296875
0 0.38046875 0.1109375 0.09296875 0.10078125
0 0.415625 0.2796875 0.08359375 0.1453125
0 0.46640625 0.62265625 0.08671875 0.140625
0 0.56328125 0.7515625 0.05703125 0.12578125
0 0.684375 0.215625 0.0796875 0.1671875