0 0.5484375 0.4625 0.08046875 0.178125
0 0.64453125 0.596875 0.08359375 0.15859375
0 0.6546875 0.4625 0.07265625 0.125
0 0.5453125 0.33671875 0.08359375 0.1015625
0 0.47421875 0.3984375 0.09375 0.12578125
0 0.4671875 0.52578125 0.08671875 0.121875
0 0.303125 0.4828125 0.0828125 0.140625
0 0.55 0.6796875 0.1 0.13046875
0 0.45078125 0.63125 0.096875 0.11640625
0 0.33203125 0.61640625 0.07578125 0.11640625
0 0.46328125 0.24921875 0.08515625 0.134375
0 0.55390625 0.2625 0.0921875 0.0953125
0 0.38125 0.28671875 0.08046875 0.11328125
0 0.42109375 0.34765625 0.08359375 0.11953125
0 0.396875 0.49296875 0.071875 0.12890625
0 0.3390625 0.39140625 0.078125 0.12421875
0 0.61171875 0.36328125 0.05234375 0.09921875
0 0.4109375 0.725 0.07578125 0.1140625
0 0.390625 0.61640625 0.0390625 0.10703125
0 0.53984375 0.57421875 0.08203125 0.07578125