0 0.4140625 0.41015625 0.2015625 0.090625
0 0.56640625 0.30234375 0.1796875 0.09375
0 0.4140625 0.29140625 0.140625 0.08125
0 0.271875 0.4140625 0.115625 0.09375
0 0.34140625 0.49453125 0.1421875 0.10625
0 0.48515625 0.50234375 0.1375 0.096875
0 0.43671875 0.68671875 0.159375 0.09375
0 0.659375 0.409375 0.146875 0.1125
0 0.60546875 0.52109375 0.13125 0.109375
0 0.58828125 0.6546875 0.13125 0.084375
0 0.1734375 0.50625 0.1515625 0.096875
0 0.1875 0.40390625 0.1078125 0.103125
0 0.215625 0.59921875 0.128125 0.090625
0 0.28359375 0.5546875 0.134375 0.09375
0 0.4484375 0.58203125 0.146875 0.08125
0 0.33359375 0.646875 0.140625 0.0875
0 0.30234375 0.33984375 0.1125 0.059375
0 0.7109375 0.565625 0.128125 0.084375
0 0.58828125 0.58828125 0.1203125 0.04375
0 0.540625 0.4203125 0.084375 0.0921875