0 0.76171875 0.55 0.13125 0.1203125
0 0.759375 0.7046875 0.19765625 0.09765625
0 0.45859375 0.37734375 0.140625 0.09296875
0 0.35703125 0.4671875 0.140625 0.115625
0 0.2890625 0.53984375 0.1234375 0.1140625
0 0.42578125 0.63359375 0.16171875 0.10625
0 0.3046875 0.65 0.13046875 0.125
0 0.39453125 0.74140625 0.19375 0.11875
0 0.5796875 0.71875 0.15546875 0.14375
0 0.48984375 0.5265625 0.20234375 0.1125
0 0.5765625 0.59921875 0.18125 0.10234375
0 0.49609375 0.4546875 0.1140625 0.07109375
0 0.6328125 0.53125 0.09921875 0.05625