0 0.609375 0.1546875 0.1375 0.1515625
0 0.7859375 0.15703125 0.1125 0.228125
0 0.4125 0.5046875 0.10625 0.1625
0 0.51484375 0.621875 0.13125 0.1625
0 0.5984375 0.7 0.1296875 0.1421875
0 0.7046875 0.5421875 0.121875 0.1875
0 0.72421875 0.68203125 0.14375 0.15
0 0.82734375 0.578125 0.134375 0.2234375
0 0.80234375 0.36484375 0.1625 0.178125
0 0.5828125 0.46796875 0.128125 0.2328125
0 0.66640625 0.36796875 0.1171875 0.209375
0 0.50078125 0.4609375 0.08125 0.13125
0 0.58828125 0.30390625 0.0640625 0.115625