0 0.140625 0.6578125 0.028125 0.021875
0 0.16484375 0.67109375 0.025 0.028125
0 0.09375 0.703125 0.03125 0.01875
0 0.11796875 0.73046875 0.034375 0.0203125
0 0.125 0.75234375 0.03125 0.028125
0 0.08828125 0.71796875 0.0296875 0.015625
0 0.16640625 0.23828125 0.034375 0.021875
0 0.0984375 0.3296875 0.01875 0.015625
0 0.08203125 0.36953125 0.0234375 0.015625
0 0.14609375 0.36171875 0.025 0.021875
0 0.125 0.3375 0.025 0.015625
0 0.12890625 0.32109375 0.03125 0.0203125
0 0.153125 0.296875 0.021875 0.015625
0 0.29140625 0.271875 0.028125 0.0265625
0 0.1125 0.3953125 0.028125 0.025
0 0.09296875 0.38046875 0.025 0.0171875
0 0.10234375 0.41015625 0.028125 0.025
0 0.15703125 0.47421875 0.028125 0.0234375
0 0.1953125 0.45234375 0.028125 0.015625
0 0.1703125 0.440625 0.025 0.0140625
0 0.21640625 0.43125 0.0203125 0.015625
0 0.225 0.4484375 0.028125 0.021875
0 0.3375 0.38203125 0.025 0.025
0 0.33671875 0.2453125 0.0375 0.025
0 0.29140625 0.225 0.034375 0.0234375
0 0.34140625 0.19921875 0.0328125 0.025
0 0.3515625 0.228125 0.034375 0.025
0 0.32890625 0.1171875 0.0328125 0.028125
0 0.1984375 0.1515625 0.0234375 0.01875
0 0.19140625 0.17265625 0.025 0.03125
0 0.20859375 0.175 0.01875 0.01875
0 0.08203125 0.159375 0.028125 0.021875
0 0.01328125 0.075 0.0265625 0.025
0 0.028125 0.08828125 0.0234375 0.0265625
0 0.084375 0.10234375 0.0296875 0.021875
0 0.01015625 0.025 0.0203125 0.03125
0 0.00703125 0.05390625 0.0140625 0.0171875
0 0.478125 0.28984375 0.025 0.025
0 0.49375 0.31171875 0.025 0.025
0 0.5015625 0.34765625 0.0296875 0.021875
0 0.5421875 0.3328125 0.0375 0.01875
0 0.55859375 0.3578125 0.025 0.025
0 0.3609375 0.38828125 0.021875 0.0203125
0 0.32265625 0.40078125 0.028125 0.021875
0 0.459375 0.421875 0.0234375 0.025
0 0.54609375 0.71953125 0.03125 0.025
0 0.51875 0.66484375 0.025 0.028125
0 0.5015625 0.8109375 0.01875 0.025
0 0.52265625 0.8046875 0.01875 0.0203125
0 0.428125 0.7953125 0.0171875 0.0234375
0 0.44140625 0.79375 0.0171875 0.01875
0 0.50390625 0.94296875 0.021875 0.025
0 0.59609375 0.88828125 0.025 0.021875
0 0.7046875 0.878125 0.021875 0.0203125
0 0.67734375 0.990625 0.025 0.01875
0 0.6046875 0.58984375 0.025 0.028125
0 0.6875 0.51640625 0.025 0.021875
0 0.67890625 0.4890625 0.028125 0.01875
0 0.92890625 0.7625 0.028125 0.0234375
0 0.8734375 0.59140625 0.0234375 0.0203125
0 0.89453125 0.5828125 0.021875 0.015625
0 0.91640625 0.57265625 0.0171875 0.015625
0 0.98984375 0.528125 0.0203125 0.015625
0 0.97890625 0.4859375 0.025 0.021875
0 0.97578125 0.50390625 0.01875 0.0203125
0 0.98984375 0.50390625 0.0203125 0.0171875
0 0.8046875 0.2578125 0.040625 0.025
0 0.64765625 0.3046875 0.025 0.015625
0 0.73125 0.37578125 0.03125 0.015625
0 0.79921875 0.28515625 0.0296875 0.015625
0 0.85703125 0.2765625 0.028125 0.025
0 0.90546875 0.3203125 0.025 0.01875
0 0.6859375 0.11328125 0.028125 0.01875
0 0.73125 0.1125 0.0171875 0.025
0 0.72890625 0.13203125 0.025 0.021875
0 0.75625 0.1171875 0.03125 0.0140625
0 0.78671875 0.13828125 0.028125 0.015625
0 0.78359375 0.11640625 0.021875 0.015625
0 0.540625 0.04375 0.025 0.028125
0 0.51015625 0.07421875 0.025 0.028125
1 0.5 0.5 0.1 0.1