0 0.42890625 0.97734375 0.021875 0.028125
0 0.4640625 0.95546875 0.021875 0.03125
0 0.48125 0.94375 0.025 0.03125
0 0.50703125 0.92421875 0.028125 0.0375
0 0.50703125 0.88203125 0.028125 0.0375
0 0.5359375 0.8671875 0.025 0.0375
0 0.49140625 0.81875 0.03125 0.0296875
0 0.46640625 0.8890625 0.0296875 0.040625
0 0.43125 0.89140625 0.0296875 0.040625
0 0.58828125 0.734375 0.021875 0.025
0 0.5890625 0.709375 0.015625 0.025
0 0.57578125 0.71796875 0.0125 0.0140625
0 0.509375 0.72109375 0.0375 0.0375
0 0.5359375 0.71171875 0.0296875 0.0375
0 0.6359375 0.64765625 0.0125 0.021875
0 0.596875 0.5375 0.01875 0.025
0 0.48125 0.71328125 0.015625 0.021875
0 0.48671875 0.678125 0.0171875 0.0171875
0 0.49765625 0.659375 0.0171875 0.034375
0 0.45234375 0.640625 0.021875 0.0171875
0 0.4640625 0.61015625 0.025 0.0328125
0 0.47578125 0.58046875 0.015625 0.01875
0 0.48515625 0.571875 0.01875 0.021875
0 0.49140625 0.5984375 0.021875 0.025
0 0.5234375 0.59375 0.009375 0.015625
0 0.6203125 0.60078125 0.0140625 0.025
0 0.85234375 0.4984375 0.021875 0.025
0 0.8875 0.940625 0.021875 0.025
0 0.90390625 0.9203125 0.021875 0.025
0 0.95 0.99296875 0.03125 0.0140625
0 0.8546875 0.87578125 0.0171875 0.021875
0 0.8 0.90390625 0.021875 0.0171875
0 0.97890625 0.53984375 0.021875 0.021875
0 0.9609375 0.690625 0.015625 0.0171875
0 0.965625 0.465625 0.009375 0.009375
0 0.74765625 0.8078125 0.0125 0.009375
0 0.821875 0.30390625 0.025 0.0296875
0 0.6953125 0.3296875 0.0484375 0.05625
0 0.61484375 0.2515625 0.025 0.034375
0 0.56875 0.3109375 0.025 0.0171875
0 0.5328125 0.321875 0.021875 0.03125
0 0.5375 0.1546875 0.028125 0.0375
0 0.4921875 0.3015625 0.01875 0.0375
0 0.52265625 0.21953125 0.028125 0.021875
0 0.5203125 0.28671875 0.015625 0.0375
0 0.43984375 0.50859375 0.021875 0.025
0 0.46328125 0.246875 0.03125 0.04375
0 0.4875 0.19296875 0.025 0.03125
0 0.46953125 0.15 0.0296875 0.03125
0 0.43671875 0.1375 0.0125 0.015625
0 0.48984375 0.06796875 0.025 0.025
0 0.515625 0.0328125 0.053125 0.065625
0 0.37265625 0.07265625 0.025 0.040625
0 0.3578125 0.065625 0.01875 0.0375
0 0.45078125 0.0765625 0.0140625 0.00625
0 0.378125 0.00703125 0.021875 0.0140625
0 0.29765625 0.02578125 0.03125 0.0375
0 0.09453125 0.0421875 0.04375 0.046875
0 0.1453125 0.11640625 0.04375 0.0453125
0 0.17265625 0.09609375 0.0484375 0.046875
0 0.328125 0.2046875 0.009375 0.0140625
0 0.36484375 0.2828125 0.00625 0.0140625
0 0.35625 0.30234375 0.0171875 0.021875
0 0.36796875 0.32109375 0.021875 0.021875
0 0.30390625 0.25625 0.0171875 0.021875
0 0.2546875 0.27421875 0.025 0.025
0 0.25078125 0.33125 0.021875 0.025
0 0.28203125 0.28671875 0.015625 0.021875
0 0.29140625 0.29375 0.021875 0.0296875
0 0.30234375 0.31875 0.021875 0.021875
0 0.31875 0.315625 0.021875 0.0296875
0 0.36796875 0.340625 0.0171875 0.01875
0 0.22421875 0.44609375 0.01875 0.025
0 0.24375 0.3921875 0.0171875 0.015625
0 0.2546875 0.4328125 0.025 0.0296875
0 0.265625 0.38515625 0.025 0.03125
0 0.29765625 0.384375 0.021875 0.025
0 0.3109375 0.35859375 0.025 0.0328125
0 0.321875 0.4109375 0.025 0.025
0 0.3421875 0.3484375 0.021875 0.0125
0 0.35625 0.34453125 0.025 0.021875
0 0.296875 0.45 0.0140625 0.021875
0 0.415625 0.446875 0.009375 0.0171875
0 0.38125 0.3125 0.00625 0.009375
0 0.41875 0.46015625 0.0125 0.0140625
0 0.3109375 0.45859375 0.021875 0.021875
0 0.36484375 0.403125 0.0125 0.009375
0 0.34296875 0.459375 0.025 0.03125
0 0.3234375 0.478125 0.025 0.028125
0 0.30625 0.5296875 0.025 0.0296875
0 0.3234375 0.5109375 0.025 0.0296875
0 0.328125 0.53125 0.0171875 0.021875
0 0.32890625 0.5578125 0.01875 0.025
0 0.3484375 0.5421875 0.025 0.0296875
0 0.35078125 0.55703125 0.021875 0.025
0 0.38515625 0.53046875 0.015625 0.0296875
0 0.375 0.55625 0.01875 0.0296875
0 0.39375 0.55 0.01875 0.025