2 0.471875 0.58671875 0.1359375 0.28125
2 0.75234375 0.33515625 0.125 0.175
2 0.87109375 0.6875 0.15625 0.17109375
2 0.5671875 0.43671875 0.1359375 0.1953125
2 0.190625 0.22578125 0.13671875 0.1890625
2 0.0390625 0.20703125 0.078125 0.159375
2 0.33671875 0.54765625 0.11953125 0.1796875
2 0.309375 0.36484375 0.1359375 0.203125
2 0.57109375 0.85859375 0.13984375 0.27109375
2 0.6640625 0.70078125 0.1609375 0.2328125
2 0.72578125 0.7484375 0.13671875 0.22890625
2 0.38203125 0.7046875 0.11171875 0.20546875
2 0.56015625 0.6046875 0.0734375 0.22890625
2 0.334375 0.12578125 0.046875 0.05546875
1 0.5 0.5 0.1 0.1