0 0.5046875 0.625 0.1609375 0.334375
0 0.83828125 0.325 0.1484375 0.209375
0 0.940625 0.74375 0.11875 0.203125
0 0.61875 0.44609375 0.1609375 0.2328125
0 0.171875 0.1953125 0.1625 0.225
0 0.01796875 0.16875 0.0359375 0.190625
0 0.34453125 0.57890625 0.140625 0.2140625
0 0.3125 0.36015625 0.1609375 0.2421875
0 0.61953125 0.89140625 0.1671875 0.2171875
0 0.7328125 0.76015625 0.190625 0.278125
0 0.80625 0.8171875 0.1625 0.271875
0 0.3984375 0.76484375 0.1328125 0.24375
0 0.61015625 0.64609375 0.0875 0.271875
0 0.3421875 0.07578125 0.05625 0.065625
1 0.5 0.5 0.1 0.1