0 0.32578125 0.5578125 0.0796875 0.13203125
0 0.7578125 0.54140625 0.08125 0.13671875
0 0.63671875 0.54375 0.08515625 0.13359375
0 0.53125 0.54453125 0.0828125 0.1328125
0 0.21953125 0.559375 0.08359375 0.14296875
0 0.5296875 0.365625 0.07421875 0.10625
0 0.2078125 0.371875 0.0765625 0.11328125
0 0.5296875 0.75625 0.0796875 0.1359375
0 0.32734375 0.7546875 0.07578125 0.14609375
0 0.76015625 0.746875 0.08515625 0.1453125
0 0.42578125 0.559375 0.071875 0.13203125
0 0.42890625 0.74609375 0.071875 0.12578125
0 0.41015625 0.3765625 0.07734375 0.11640625
0 0.215625 0.75 0.07734375 0.140625
0 0.64375 0.75078125 0.084375 0.13046875
0 0.4234375 0.2078125 0.0546875 0.09296875
0 0.7296875 0.2140625 0.06953125 0.10546875
0 0.6390625 0.365625 0.07421875 0.11953125
0 0.32578125 0.36875 0.07265625 0.11953125
0 0.75 0.35234375 0.0703125 0.1140625
0 0.6390625 0.2171875 0.05703125 0.1
0 0.51875 0.2109375 0.053125 0.1
0 0.32890625 0.21484375 0.05703125 0.0953125
0 0.2171875 0.20625 0.04765625 0.08984375