0 0.23046875 0.609375 0.0671875 0.115625
0 0.4609375 0.24453125 0.084375 0.109375
0 0.58828125 0.3046875 0.0859375 0.1140625
0 0.690625 0.2625 0.08125 0.1078125
0 0.771875 0.10390625 0.078125 0.1140625
0 0.85 0.29375 0.0890625 0.109375
0 0.9671875 0.13671875 0.065625 0.109375
0 0.96875 0.56953125 0.0625 0.128125
0 0.26484375 0.70078125 0.08125 0.1015625
0 0.046875 0.715625 0.075 0.096875
0 0.1796875 0.77734375 0.071875 0.090625
0 0.759375 0.60234375 0.0859375 0.128125
0 0.85078125 0.684375 0.071875 0.1203125
0 0.859375 0.5609375 0.06875 0.121875
0 0.84375 0.40859375 0.0921875 0.1