0 0.2265625 0.5890625 0.06328125 0.109375
0 0.44296875 0.24609375 0.078125 0.103125
0 0.56328125 0.30234375 0.08046875 0.10703125
0 0.65859375 0.26328125 0.07578125 0.1015625
0 0.73515625 0.1140625 0.07265625 0.10703125
0 0.8078125 0.2921875 0.08359375 0.103125
0 0.93046875 0.14765625 0.08046875 0.1015625
0 0.925 0.5546875 0.06171875 0.12109375
0 0.259375 0.675 0.0765625 0.0953125
0 0.0546875 0.6890625 0.07109375 0.09140625
0 0.17890625 0.746875 0.0671875 0.08515625
0 0.7234375 0.5828125 0.08046875 0.12109375
0 0.809375 0.66015625 0.0671875 0.11328125
0 0.8171875 0.54375 0.06484375 0.115625
0 0.80234375 0.40078125 0.0859375 0.09296875