2 0.33984375 0.15390625 0.16484375 0.13515625
2 0.20859375 0.37734375 0.09375 0.1046875
2 0.278125 0.41953125 0.14765625 0.13359375
2 0.49375 0.51015625 0.14296875 0.13359375
2 0.50234375 0.628125 0.140625 0.10390625
2 0.12421875 0.9453125 0.10625 0.1046875
2 0.42734375 0.71953125 0.1296875 0.11015625
2 0.3390625 0.7671875 0.10703125 0.0921875
2 0.56953125 0.7140625 0.08515625 0.0703125
2 0.97578125 0.84140625 0.0484375 0.0734375
2 0.6328125 0.71640625 0.10859375 0.0671875
2 0.63828125 0.7765625 0.12890625 0.10703125
2 0.6703125 0.81171875 0.1234375 0.09921875
2 0.5609375 0.82890625 0.1 0.0953125
2 0.53203125 0.96875 0.090625 0.0625
1 0.5 0.5 0.1 0.1