2 0.33515625 0.134375 0.1703125 0.140625
2 0.2 0.3640625 0.096875 0.1078125
2 0.271875 0.4078125 0.153125 0.1375
2 0.49375 0.50078125 0.146875 0.1375
2 0.50234375 0.621875 0.14375 0.1078125
2 0.1125 0.946875 0.109375 0.10625
2 0.425 0.71640625 0.134375 0.1125
2 0.334375 0.765625 0.1109375 0.09375
2 0.571875 0.7109375 0.0875 0.071875
2 0.98203125 0.84140625 0.034375 0.075
2 0.63671875 0.71328125 0.1125 0.06875
2 0.6421875 0.775 0.134375 0.109375
2 0.675 0.8109375 0.128125 0.1015625
2 0.5625 0.82890625 0.103125 0.0984375
2 0.53203125 0.9703125 0.09375 0.059375
1 0.5 0.5 0.1 0.1