0 0.32109375 0.1609375 0.175 0.14375
0 0.18203125 0.396875 0.1 0.1109375
0 0.25546875 0.44140625 0.15625 0.140625
0 0.48359375 0.5375 0.1515625 0.1421875
0 0.4921875 0.66171875 0.1484375 0.1109375
0 0.0921875 0.9703125 0.1125 0.059375
0 0.41328125 0.75859375 0.1375 0.115625
0 0.3203125 0.80859375 0.1140625 0.096875
0 0.56328125 0.75234375 0.090625 0.075
0 0.98359375 0.88671875 0.0328125 0.078125
0 0.63046875 0.7546875 0.115625 0.071875
0 0.6359375 0.81875 0.1375 0.1125
0 0.6703125 0.85546875 0.13125 0.103125
0 0.5546875 0.8734375 0.10625 0.1
1 0.5 0.5 0.1 0.1