0 0.35234375 0.1609375 0.0171875 0.01328125
0 0.3625 0.42109375 0.01015625 0.01171875
0 0.3625 0.60703125 0.01875 0.01015625
0 0.3625 0.61953125 0.01328125 0.01484375
0 0.378125 0.615625 0.01328125 0.01484375
0 0.38515625 0.59453125 0.015625 0.01171875
0 0.40078125 0.6015625 0.01640625 0.01640625
0 0.39921875 0.6171875 0.0171875 0.0171875
0 0.40546875 0.55078125 0.01328125 0.01171875
0 0.41484375 0.59609375 0.015625 0.01171875
0 0.415625 0.58515625 0.015625 0.01796875
0 0.4640625 0.61640625 0.015625 0.01640625
0 0.440625 0.578125 0.01640625 0.0109375
0 0.46015625 0.63203125 0.01640625 0.01484375
0 0.50625 0.4953125 0.0140625 0.01328125
0 0.63125 0.61484375 0.0125 0.01328125
0 0.2953125 0.88984375 0.02265625 0.01640625
0 0.38515625 0.92578125 0.0140625 0.01640625
0 0.41875 0.79921875 0.01640625 0.0140625
0 0.1125 0.828125 0.01640625 0.0171875
0 0.128125 0.8265625 0.01796875 0.01484375
0 0.12421875 0.81328125 0.0234375 0.01484375
0 0.103125 0.7640625 0.01640625 0.0109375
0 0.10546875 0.77578125 0.01484375 0.01171875
0 0.01953125 0.77734375 0.01640625 0.0125
0 0.034375 0.7140625 0.021875 0.01484375
0 0.84296875 0.803125 0.0140625 0.01484375
0 0.87421875 0.79375 0.01171875 0.0109375
0 0.8640625 0.790625 0.0125 0.0125
0 0.7734375 0.30234375 0.01640625 0.01328125
0 0.68046875 0.3171875 0.01484375 0.01171875
0 0.5875 0.246875 0.021875 0.01328125
0 0.60625 0.24140625 0.01640625 0.01328125
0 0.7140625 0.1796875 0.0125 0.01015625
0 0.8390625 0.29453125 0.01640625 0.01015625
0 0.696875 0.20234375 0.0125 0.009375
0 0.465625 0.1203125 0.01484375 0.01171875
0 0.4390625 0.61640625 0.0171875 0.01171875
0 0.41875 0.63203125 0.015625 0.01171875
0 0.409375 0.64375 0.015625 0.01640625
0 0.47734375 0.8265625 0.01484375 0.015625
0 0.3796875 0.82421875 0.0125 0.01171875