0 0.3546875 0.15234375 0.0171875 0.0140625
0 0.365625 0.415625 0.009375 0.0125
0 0.36484375 0.60390625 0.01875 0.009375
0 0.365625 0.61640625 0.0125 0.015625
0 0.38125 0.6125 0.0125 0.015625
0 0.38828125 0.59140625 0.015625 0.0125
0 0.40390625 0.59765625 0.0171875 0.015625
0 0.40234375 0.6140625 0.0171875 0.0171875
0 0.40859375 0.546875 0.0125 0.0125
0 0.41796875 0.59296875 0.015625 0.0125
0 0.41875 0.58203125 0.015625 0.01875
0 0.46796875 0.61328125 0.015625 0.0171875
0 0.44453125 0.575 0.0171875 0.0109375
0 0.4640625 0.62890625 0.0171875 0.015625
0 0.51015625 0.490625 0.0140625 0.0140625
0 0.63671875 0.61171875 0.0125 0.0125
0 0.29765625 0.88984375 0.0234375 0.0171875
0 0.38828125 0.9265625 0.0140625 0.015625
0 0.421875 0.7984375 0.0171875 0.0140625
0 0.1125 0.82734375 0.0171875 0.0171875
0 0.128125 0.82578125 0.01875 0.015625
0 0.12421875 0.8125 0.025 0.015625
0 0.103125 0.7625 0.0171875 0.0109375
0 0.1046875 0.77421875 0.015625 0.0125
0 0.01796875 0.77578125 0.0171875 0.0125
0 0.0328125 0.71171875 0.021875 0.015625
0 0.8515625 0.80234375 0.0140625 0.015625
0 0.8828125 0.79296875 0.0125 0.0109375
0 0.87265625 0.78984375 0.0125 0.0125
0 0.78125 0.29609375 0.0171875 0.0140625
0 0.68671875 0.3109375 0.015625 0.0125
0 0.59296875 0.23984375 0.021875 0.0140625
0 0.61171875 0.23359375 0.0171875 0.0140625
0 0.7203125 0.171875 0.0125 0.009375
0 0.846875 0.2875 0.0171875 0.009375
0 0.703125 0.19453125 0.0125 0.009375
0 0.46953125 0.11171875 0.015625 0.0125
0 0.44296875 0.61328125 0.0171875 0.0125
0 0.42265625 0.62890625 0.015625 0.0125
0 0.4125 0.640625 0.015625 0.0171875
0 0.48125 0.82578125 0.015625 0.015625
0 0.3828125 0.8234375 0.0125 0.0125