0 0.93046875 0.6703125 0.034375 0.0625
0 0.9875 0.9546875 0.0234375 0.0296875
0 0.7671875 0.58203125 0.040625 0.0546875
0 0.6296875 0.7953125 0.059375 0.065625
0 0.5546875 0.7890625 0.059375 0.075
0 0.5875 0.74609375 0.0609375 0.0609375
0 0.578125 0.8578125 0.04375 0.0546875
0 0.34609375 0.70390625 0.0390625 0.0375
0 0.37421875 0.67421875 0.0515625 0.05
0 0.375 0.546875 0.028125 0.0390625
0 0.43359375 0.47578125 0.059375 0.065625
0 0.45 0.3578125 0.05625 0.0515625
0 0.396875 0.196875 0.05625 0.078125
0 0.3578125 0.15546875 0.040625 0.040625
0 0.42265625 0.075 0.04375 0.05625
0 0.23125 0.053125 0.040625 0.0578125
0 0.39296875 0.1 0.034375 0.046875
0 0.190625 0.165625 0.04375 0.0421875
0 0.184375 0.22734375 0.046875 0.046875
0 0.253125 0.34375 0.0390625 0.053125
1 0.5 0.5 0.1 0.1