2 0.01328125 0.50859375 0.02578125 0.03125
2 0.0484375 0.421875 0.025 0.01875
2 0.06796875 0.45390625 0.028125 0.0203125
2 0.07890625 0.46875 0.028125 0.021875
2 0.09609375 0.4921875 0.0328125 0.02421875
2 0.134375 0.4921875 0.034375 0.02421875
2 0.14765625 0.51796875 0.034375 0.0234375
2 0.19140625 0.478125 0.0265625 0.02734375
2 0.128125 0.45546875 0.03671875 0.02578125
2 0.12578125 0.42421875 0.03515625 0.0265625
2 0.2671875 0.565625 0.02109375 0.01796875
2 0.28984375 0.56640625 0.02109375 0.0140625
2 0.28203125 0.55390625 0.0125 0.01015625
2 0.27890625 0.49453125 0.03359375 0.0328125
2 0.2875 0.51796875 0.03359375 0.0265625
2 0.3453125 0.60859375 0.0203125 0.01015625
2 0.44453125 0.5734375 0.02109375 0.0171875
2 0.2859375 0.46875 0.01875 0.0140625
2 0.31796875 0.47421875 0.01640625 0.015625
2 0.334375 0.48359375 0.03203125 0.01484375
2 0.3515625 0.44296875 0.01484375 0.01796875
2 0.37890625 0.45390625 0.02890625 0.021875
2 0.40546875 0.4640625 0.01640625 0.0140625
2 0.41328125 0.47265625 0.01875 0.0171875
2 0.38984375 0.478125 0.02265625 0.01875
2 0.39375 0.50703125 0.0140625 0.0078125
2 0.3875 0.59453125 0.02265625 0.01171875
2 0.4796875 0.803125 0.021875 0.01875
2 0.08125 0.834375 0.021875 0.01796875
2 0.1 0.84921875 0.02265625 0.0203125
2 0.025 0.89140625 0.03046875 0.028125
2 0.009375 0.95546875 0.01875 0.0328125
2 0.13984375 0.80546875 0.01953125 0.01484375
2 0.01328125 0.76328125 0.02578125 0.01953125
2 0.11484375 0.75625 0.01484375 0.01875
2 0.4421875 0.9171875 0.0203125 0.01796875
2 0.30625 0.90078125 0.01640625 0.0140625
2 0.31171875 0.95703125 0.01015625 0.0125
2 0.509375 0.9046875 0.009375 0.0078125
2 0.20078125 0.70859375 0.00859375 0.01015625
2 0.6546875 0.77578125 0.02578125 0.0234375
2 0.63125 0.66171875 0.0515625 0.04375
2 0.7015625 0.5890625 0.03125 0.0234375
2 0.6484375 0.54765625 0.01484375 0.021875
2 0.63828125 0.515625 0.02890625 0.01953125
2 0.7890625 0.51953125 0.03359375 0.02421875
2 0.65703125 0.47890625 0.0328125 0.01640625
2 0.73046875 0.50625 0.0203125 0.02421875
2 0.6703125 0.50390625 0.034375 0.0140625
2 0.4703125 0.43203125 0.02109375 0.01796875
2 0.70625 0.453125 0.03828125 0.02734375
2 0.7546875 0.475 0.02890625 0.02109375
2 0.79296875 0.45859375 0.02734375 0.0265625
2 0.8046875 0.42890625 0.0140625 0.0109375
2 0.8671875 0.4765625 0.02265625 0.02109375
2 0.89921875 0.50078125 0.06015625 0.04765625
2 0.96328125 0.49296875 0.0234375 0.015625
2 0.8625 0.37109375 0.03515625 0.02265625
2 0.86875 0.3578125 0.03203125 0.01796875
2 0.859375 0.44140625 0.00625 0.0125
2 0.93359375 0.3765625 0.0359375 0.01875
2 0.9046875 0.30390625 0.0328125 0.02734375
2 0.88984375 0.12109375 0.0421875 0.03828125
2 0.8234375 0.16640625 0.03984375 0.0390625
2 0.84140625 0.19140625 0.0421875 0.04375
2 0.74375 0.33125 0.01171875 0.0078125
2 0.6734375 0.3640625 0.01171875 0.00625
2 0.65625 0.35625 0.01953125 0.015625
2 0.6390625 0.3671875 0.01796875 0.01875
2 0.69765625 0.309375 0.01875 0.015625
2 0.68125 0.26484375 0.0234375 0.02109375
2 0.6296875 0.26171875 0.02421875 0.0203125
2 0.6703125 0.28984375 0.01875 0.01328125
2 0.6640625 0.2984375 0.02578125 0.01875
2 0.64140625 0.3078125 0.01953125 0.0203125
2 0.64375 0.32265625 0.0265625 0.01953125
2 0.621875 0.3671875 0.0171875 0.015625
2 0.5265625 0.2375 0.021875 0.0171875
2 0.575 0.25546875 0.0140625 0.015625
2 0.53828125 0.26484375 0.02578125 0.021875
2 0.58125 0.275 0.02734375 0.02109375
2 0.58203125 0.30390625 0.0234375 0.01875
2 0.60546875 0.315625 0.02890625 0.02109375
2 0.55859375 0.32578125 0.02265625 0.0234375
2 0.61484375 0.34375 0.0109375 0.01953125
2 0.61796875 0.35625 0.01875 0.02421875
2 0.5234375 0.303125 0.01796875 0.0125
2 0.52578125 0.41015625 0.01484375 0.0078125
2 0.646875 0.37890625 0.00859375 0.00546875
2 0.5140625 0.4125 0.01171875 0.01015625
2 0.515625 0.315625 0.01796875 0.01875
2 0.565625 0.3640625 0.00859375 0.0109375
2 0.51484375 0.34453125 0.028125 0.02421875
2 0.49765625 0.32734375 0.025 0.02265625
2 0.4515625 0.31171875 0.02578125 0.02109375
2 0.46796875 0.32734375 0.0265625 0.021875
2 0.45 0.33125 0.01875 0.01640625
2 0.42578125 0.33203125 0.02265625 0.01640625
2 0.43984375 0.34921875 0.02578125 0.02109375
2 0.4265625 0.3515625 0.0234375 0.0203125
2 0.45078125 0.3828125 0.02578125 0.0140625
2 0.42734375 0.3734375 0.0265625 0.0171875
2 0.4328125 0.390625 0.021875 0.01640625
1 0.5 0.5 0.1 0.1