2 0.38671875 0.98203125 0.0203125 0.0265625
2 0.42109375 0.9609375 0.021875 0.0296875
2 0.43671875 0.94921875 0.0234375 0.0296875
2 0.46171875 0.93046875 0.0265625 0.034375
2 0.46171875 0.88984375 0.0265625 0.0375
2 0.4890625 0.87578125 0.025 0.0375
2 0.446875 0.82890625 0.0296875 0.028125
2 0.42265625 0.896875 0.028125 0.040625
2 0.3890625 0.89921875 0.028125 0.0390625
2 0.53984375 0.7484375 0.0203125 0.0234375
2 0.540625 0.72421875 0.015625 0.0234375
2 0.52734375 0.7328125 0.0125 0.0125
2 0.4640625 0.7359375 0.034375 0.034375
2 0.4890625 0.7265625 0.028125 0.034375
2 0.5859375 0.66484375 0.0125 0.021875
2 0.5484375 0.559375 0.01875 0.0234375
2 0.43671875 0.728125 0.015625 0.0203125
2 0.4421875 0.69453125 0.015625 0.015625
2 0.45234375 0.6765625 0.015625 0.034375
2 0.409375 0.65859375 0.0203125 0.015625
2 0.42109375 0.62890625 0.0234375 0.03125
2 0.43203125 0.60078125 0.015625 0.01875
2 0.440625 0.5921875 0.01875 0.0203125
2 0.446875 0.6171875 0.0203125 0.025
2 0.47734375 0.61328125 0.009375 0.015625
2 0.57109375 0.6203125 0.0125 0.025
2 0.79296875 0.521875 0.0203125 0.0234375
2 0.8265625 0.946875 0.0203125 0.0234375
2 0.8421875 0.9265625 0.021875 0.0234375
2 0.88671875 0.9953125 0.0296875 0.009375
2 0.79609375 0.884375 0.015625 0.021875
2 0.74296875 0.9109375 0.0203125 0.015625
2 0.91484375 0.56171875 0.0203125 0.021875
2 0.89765625 0.70703125 0.015625 0.015625
2 0.9578125 0.70078125 0.0125 0.0125
2 0.9015625 0.48984375 0.009375 0.009375
2 0.6921875 0.81953125 0.0125 0.009375
2 0.7640625 0.33515625 0.025 0.028125
2 0.6421875 0.36015625 0.046875 0.0546875
2 0.56484375 0.28515625 0.025 0.034375
2 0.52109375 0.34140625 0.0234375 0.015625
2 0.48671875 0.35234375 0.021875 0.0296875
2 0.490625 0.19140625 0.0265625 0.0375
2 0.44765625 0.3328125 0.01875 0.034375
2 0.4765625 0.25390625 0.0265625 0.021875
2 0.47421875 0.31796875 0.015625 0.0375
2 0.39765625 0.53203125 0.0203125 0.0234375
2 0.4203125 0.2796875 0.0296875 0.040625
2 0.44296875 0.228125 0.0234375 0.0296875
2 0.42578125 0.1875 0.028125 0.0296875
2 0.39453125 0.175 0.0125 0.015625
2 0.4453125 0.10859375 0.0234375 0.025
2 0.47109375 0.07421875 0.05 0.065625
2 0.46171875 0.009375 0.015625 0.01875
2 0.3328125 0.11328125 0.025 0.0375
2 0.31796875 0.10703125 0.01875 0.034375
2 0.4078125 0.11640625 0.0125 0.00625
2 0.33828125 0.0375 0.0203125 0.0375
2 0.2609375 0.06796875 0.0296875 0.034375
2 0.065625 0.084375 0.040625 0.0453125
2 0.1140625 0.1546875 0.040625 0.04375
2 0.140625 0.1359375 0.046875 0.0453125
2 0.28984375 0.23984375 0.009375 0.0125
2 0.325 0.31484375 0.00625 0.0125
2 0.31640625 0.33359375 0.015625 0.021875
2 0.328125 0.3515625 0.0203125 0.0203125
2 0.26640625 0.2890625 0.015625 0.0203125
2 0.21953125 0.30703125 0.0234375 0.025
2 0.215625 0.36171875 0.021875 0.025
2 0.24609375 0.31796875 0.015625 0.0203125
2 0.2546875 0.325 0.0203125 0.028125
2 0.26484375 0.34921875 0.021875 0.021875
2 0.28046875 0.346875 0.021875 0.028125
2 0.328125 0.3703125 0.015625 0.01875
2 0.18984375 0.471875 0.01875 0.0234375
2 0.209375 0.4203125 0.015625 0.015625
2 0.21953125 0.459375 0.0234375 0.028125
2 0.2296875 0.41328125 0.0234375 0.0296875
2 0.2609375 0.4125 0.0203125 0.025
2 0.2734375 0.3875 0.0234375 0.03125
2 0.284375 0.4375 0.025 0.025
2 0.303125 0.37734375 0.021875 0.0125
2 0.31640625 0.37421875 0.025 0.0203125
2 0.26015625 0.475 0.0125 0.0203125
2 0.37421875 0.47265625 0.009375 0.015625
2 0.340625 0.34296875 0.00625 0.009375
2 0.3765625 0.48515625 0.0125 0.0125
2 0.2734375 0.48359375 0.0203125 0.0203125
2 0.325 0.4296875 0.0125 0.009375
2 0.30390625 0.484375 0.025 0.0296875
2 0.2859375 0.50234375 0.025 0.0265625
2 0.26953125 0.5515625 0.0234375 0.028125
2 0.2859375 0.534375 0.0234375 0.028125
2 0.28984375 0.553125 0.015625 0.0203125
2 0.290625 0.57890625 0.01875 0.025
2 0.309375 0.5640625 0.0234375 0.028125
2 0.31171875 0.578125 0.021875 0.025
2 0.3453125 0.55234375 0.015625 0.028125
2 0.33515625 0.57734375 0.01875 0.028125
2 0.353125 0.571875 0.01875 0.0234375
1 0.5 0.5 0.1 0.1