0 0.4359375 0.978125 0.021875 0.0296875
0 0.4734375 0.95546875 0.0234375 0.0328125
0 0.490625 0.9421875 0.025 0.0328125
0 0.51796875 0.921875 0.0296875 0.0375
0 0.51796875 0.87734375 0.0296875 0.040625
0 0.5484375 0.86171875 0.028125 0.040625
0 0.5015625 0.81015625 0.0328125 0.03125
0 0.475 0.884375 0.03125 0.04375
0 0.43828125 0.8875 0.03125 0.0421875
0 0.6046875 0.721875 0.021875 0.025
0 0.60546875 0.6953125 0.015625 0.025
0 0.590625 0.70390625 0.0125 0.015625
0 0.52109375 0.7078125 0.0375 0.0375
0 0.5484375 0.69765625 0.03125 0.0375
0 0.6546875 0.6296875 0.0125 0.0234375
0 0.61328125 0.5140625 0.0203125 0.025
0 0.490625 0.7 0.015625 0.021875
0 0.496875 0.66171875 0.01875 0.01875
0 0.50859375 0.64296875 0.01875 0.0375
0 0.4609375 0.62265625 0.021875 0.01875
0 0.4734375 0.590625 0.025 0.034375
0 0.48515625 0.559375 0.015625 0.0203125
0 0.4953125 0.55 0.0203125 0.021875
0 0.5015625 0.578125 0.021875 0.028125
0 0.5359375 0.5734375 0.009375 0.015625
0 0.63828125 0.58046875 0.015625 0.028125
0 0.8828125 0.47265625 0.021875 0.025
0 0.91953125 0.93984375 0.021875 0.025
0 0.93671875 0.91796875 0.0234375 0.025
0 0.984375 0.99375 0.03125 0.0125
0 0.88515625 0.87109375 0.01875 0.0234375
0 0.828125 0.9 0.021875 0.01875
0 0.99453125 0.67578125 0.0109375 0.01875
0 0.99765625 0.43828125 0.0046875 0.0109375
0 0.771875 0.79921875 0.0125 0.0109375
0 0.85078125 0.2671875 0.028125 0.03125
0 0.7171875 0.29453125 0.0515625 0.059375
0 0.63203125 0.2125 0.028125 0.0375
0 0.58359375 0.275 0.025 0.01875
0 0.54609375 0.28671875 0.0234375 0.0328125
0 0.55 0.11015625 0.0296875 0.040625
0 0.503125 0.26484375 0.0203125 0.0375
0 0.53515625 0.17890625 0.0296875 0.0234375
0 0.53203125 0.24921875 0.015625 0.040625
0 0.44765625 0.48359375 0.021875 0.025
0 0.47265625 0.20703125 0.0328125 0.046875
0 0.4984375 0.15 0.025 0.0328125
0 0.47890625 0.10546875 0.03125 0.0328125
0 0.44375 0.09140625 0.0125 0.015625
0 0.5 0.01796875 0.025 0.028125
0 0.52734375 0.00859375 0.0546875 0.015625
0 0.3765625 0.0234375 0.028125 0.0421875
0 0.36015625 0.01875 0.0203125 0.0375
0 0.45859375 0.02734375 0.015625 0.00625
0 0.08359375 0.00859375 0.046875 0.015625
0 0.13671875 0.06953125 0.046875 0.046875
0 0.165625 0.0484375 0.0515625 0.05
0 0.3296875 0.16328125 0.009375 0.015625
0 0.36796875 0.2453125 0.00625 0.015625
0 0.35859375 0.265625 0.01875 0.0234375
0 0.371875 0.2859375 0.021875 0.021875
0 0.30390625 0.2171875 0.01875 0.021875
0 0.2515625 0.2359375 0.025 0.028125
0 0.2484375 0.296875 0.0234375 0.028125
0 0.28125 0.24921875 0.015625 0.021875
0 0.29140625 0.25625 0.021875 0.03125
0 0.30234375 0.2828125 0.0234375 0.0234375
0 0.31953125 0.28046875 0.0234375 0.03125
0 0.371875 0.30625 0.01875 0.0203125
0 0.21953125 0.41796875 0.0203125 0.025
0 0.240625 0.3609375 0.01875 0.015625
0 0.2515625 0.40390625 0.025 0.03125
0 0.2640625 0.353125 0.025 0.0328125
0 0.29765625 0.35234375 0.021875 0.028125
0 0.31171875 0.325 0.025 0.034375
0 0.3234375 0.3796875 0.028125 0.028125
0 0.34453125 0.3140625 0.0234375 0.0125
0 0.35859375 0.31015625 0.028125 0.021875
0 0.296875 0.42109375 0.015625 0.021875
0 0.421875 0.41875 0.009375 0.01875
0 0.38515625 0.2765625 0.00625 0.0109375
0 0.425 0.43203125 0.0125 0.015625
0 0.31171875 0.43046875 0.021875 0.021875
0 0.36796875 0.371875 0.0125 0.009375
0 0.3453125 0.43125 0.028125 0.0328125
0 0.325 0.4515625 0.028125 0.0296875
0 0.30703125 0.50546875 0.025 0.03125
0 0.325 0.4859375 0.025 0.03125
0 0.3296875 0.50703125 0.01875 0.021875
0 0.33046875 0.5359375 0.0203125 0.028125
0 0.35078125 0.51953125 0.025 0.03125
0 0.353125 0.53515625 0.0234375 0.028125
0 0.38984375 0.50625 0.015625 0.03125
0 0.37890625 0.53359375 0.0203125 0.03125
0 0.39921875 0.52734375 0.0203125 0.025
1 0.5 0.5 0.1 0.1