0 0.00390625 0.5171875 0.0078125 0.034375
0 0.03125 0.4265625 0.0265625 0.0203125
0 0.05234375 0.4609375 0.0296875 0.021875
0 0.0640625 0.4765625 0.0296875 0.0234375
0 0.08203125 0.5015625 0.034375 0.0265625
0 0.12265625 0.5015625 0.0375 0.0265625
0 0.13671875 0.52890625 0.0375 0.025
0 0.18359375 0.48671875 0.028125 0.0296875
0 0.11640625 0.4625 0.040625 0.028125
0 0.1140625 0.4296875 0.0375 0.028125
0 0.2640625 0.5796875 0.0234375 0.0203125
0 0.28828125 0.58046875 0.0234375 0.015625
0 0.2796875 0.5671875 0.0125 0.0125
0 0.2765625 0.50390625 0.034375 0.034375
0 0.2859375 0.52890625 0.034375 0.028125
0 0.346875 0.62578125 0.021875 0.0125
0 0.45234375 0.58828125 0.0234375 0.01875
0 0.284375 0.4765625 0.0203125 0.015625
0 0.31796875 0.4828125 0.015625 0.015625
0 0.3359375 0.4921875 0.034375 0.015625
0 0.35390625 0.44921875 0.015625 0.0203125
0 0.3828125 0.4609375 0.03125 0.0234375
0 0.4109375 0.471875 0.01875 0.015625
0 0.41953125 0.48125 0.0203125 0.01875
0 0.39453125 0.48671875 0.025 0.0203125
0 0.3984375 0.5171875 0.015625 0.009375
0 0.3921875 0.61015625 0.025 0.0125
0 0.48984375 0.83203125 0.0234375 0.0203125
0 0.06640625 0.865625 0.0234375 0.0203125
0 0.08671875 0.88125 0.0234375 0.021875
0 0.01171875 0.925 0.0234375 0.0296875
0 0.12890625 0.834375 0.021875 0.015625
0 0.00390625 0.7890625 0.0078125 0.021875
0 0.10234375 0.78203125 0.015625 0.0203125
0 0.45 0.953125 0.021875 0.0203125
0 0.30546875 0.9359375 0.015625 0.015625
0 0.3109375 0.99375 0.0125 0.0125
0 0.521875 0.93984375 0.009375 0.009375
0 0.19375 0.73203125 0.009375 0.0125
0 0.67578125 0.803125 0.028125 0.025
0 0.65078125 0.68203125 0.0546875 0.046875
0 0.72578125 0.6046875 0.034375 0.025
0 0.66953125 0.5609375 0.015625 0.0234375
0 0.65859375 0.5265625 0.0296875 0.021875
0 0.81875 0.53046875 0.0375 0.0265625
0 0.67890625 0.4875 0.034375 0.01875
0 0.75703125 0.51640625 0.021875 0.0265625
0 0.69296875 0.5140625 0.0375 0.015625
0 0.4796875 0.4375 0.0234375 0.0203125
0 0.73125 0.46015625 0.040625 0.0296875
0 0.78203125 0.48359375 0.0296875 0.0234375
0 0.8234375 0.465625 0.0296875 0.028125
0 0.8359375 0.434375 0.015625 0.0125
0 0.90234375 0.48515625 0.025 0.0234375
0 0.9359375 0.5109375 0.065625 0.05
0 0.9953125 0.50078125 0.009375 0.0171875
0 0.896875 0.37265625 0.0375 0.025
0 0.90390625 0.35859375 0.034375 0.01875
0 0.89375 0.44765625 0.00625 0.0125
0 0.97265625 0.37890625 0.0375 0.0203125
0 0.9421875 0.3015625 0.034375 0.0296875
0 0.92578125 0.10703125 0.04375 0.040625
0 0.85546875 0.15546875 0.04375 0.040625
0 0.87421875 0.18203125 0.04375 0.046875
0 0.77109375 0.33046875 0.0125 0.009375
0 0.69609375 0.365625 0.0125 0.00625
0 0.678125 0.35703125 0.021875 0.015625
0 0.659375 0.36875 0.0203125 0.0203125
0 0.721875 0.30703125 0.0203125 0.015625
0 0.7046875 0.26015625 0.025 0.0234375
0 0.64921875 0.25703125 0.025 0.021875
0 0.69296875 0.28671875 0.0203125 0.015625
0 0.6859375 0.2953125 0.028125 0.0203125
0 0.66171875 0.30546875 0.021875 0.021875
0 0.6640625 0.32109375 0.028125 0.021875
0 0.64140625 0.36875 0.01875 0.015625
0 0.53984375 0.23125 0.0234375 0.01875
0 0.59140625 0.25 0.015625 0.015625
0 0.55234375 0.26015625 0.028125 0.0234375
0 0.59765625 0.27109375 0.0296875 0.0234375
0 0.59921875 0.3015625 0.025 0.0203125
0 0.6234375 0.3140625 0.03125 0.0234375
0 0.57421875 0.325 0.025 0.025
0 0.63359375 0.34375 0.0125 0.021875
0 0.63671875 0.35703125 0.0203125 0.025
0 0.53671875 0.30078125 0.0203125 0.0125
0 0.5390625 0.4140625 0.015625 0.009375
0 0.66796875 0.38125 0.009375 0.00625
0 0.5265625 0.4171875 0.0125 0.0125
0 0.528125 0.3140625 0.0203125 0.0203125
0 0.58125 0.365625 0.009375 0.0125
0 0.52734375 0.34453125 0.0296875 0.025
0 0.509375 0.3265625 0.0265625 0.025
0 0.46015625 0.31015625 0.028125 0.0234375
0 0.47734375 0.3265625 0.028125 0.0234375
0 0.45859375 0.33046875 0.0203125 0.015625
0 0.4328125 0.33125 0.025 0.01875
0 0.44765625 0.35 0.028125 0.0234375
0 0.43359375 0.35234375 0.025 0.021875
0 0.459375 0.38515625 0.028125 0.015625
0 0.434375 0.37578125 0.028125 0.01875
0 0.43984375 0.39375 0.0234375 0.01875
1 0.5 0.5 0.1 0.1