0 0.86328125 0.76953125 0.2578125 0.1828125
0 0.15703125 0.66171875 0.15625 0.0890625
0 0.31640625 0.55546875 0.1765625 0.0921875
0 0.43359375 0.4796875 0.090625 0.06875
0 0.4015625 0.4078125 0.18125 0.096875
0 0.41640625 0.271875 0.125 0.0953125
0 0.67734375 0.2453125 0.1375 0.146875
0 0.75703125 0.10546875 0.18125 0.175
0 0.64453125 0.096875 0.14375 0.103125
0 0.51328125 0.0484375 0.2296875 0.096875
0 0.32421875 0.96484375 0.196875 0.0703125
0 0.20390625 0.553125 0.075 0.09375
1 0.5 0.5 0.1 0.1