0 0.4234375 0.47265625 0.24453125 0.1609375
0 0.36484375 0.32578125 0.2921875 0.196875
0 0.74375 0.68515625 0.1625 0.1421875
0 0.13515625 0.428125 0.26953125 0.14375
0 0.15859375 0.265625 0.196875 0.19140625
0 0.32109375 0.14609375 0.240625 0.17421875
0 0.5671875 0.18359375 0.26484375 0.18046875
0 0.77109375 0.27578125 0.2203125 0.12734375
0 0.8203125 0.4234375 0.2171875 0.1734375
0 0.86953125 0.56640625 0.18828125 0.109375
0 0.58671875 0.72734375 0.21015625 0.16015625
0 0.3125 0.70390625 0.296875 0.17734375
0 0.18125 0.56796875 0.26875 0.15546875
0 0.5125 0.596875 0.203125 0.121875
0 0.65234375 0.49921875 0.20859375 0.178125
0 0.61484375 0.34140625 0.225 0.13984375