0 0.2515625 0.31640625 0.05 0.07890625
0 0.38203125 0.16953125 0.0453125 0.0734375
0 0.9359375 0.5984375 0.05 0.0625
0 0.45625 0.57734375 0.04453125 0.08984375
0 0.15234375 0.321875 0.04609375 0.07109375
0 0.36328125 0.29609375 0.05 0.08515625
0 0.45625 0.4296875 0.040625 0.07578125
0 0.2 0.31484375 0.028125 0.0625
0 0.38671875 0.4609375 0.0421875 0.078125
0 0.32734375 0.5265625 0.03359375 0.0671875
0 0.1515625 0.24765625 0.0375 0.0671875
0 0.184375 0.234375 0.04609375 0.07109375
0 0.32734375 0.14609375 0.04453125 0.0578125
0 0.94765625 0.7953125 0.03359375 0.06015625
0 0.89296875 0.14765625 0.03046875 0.06484375
0 0.9171875 0.6546875 0.03046875 0.04140625
1 0.5 0.5 0.1 0.1