2 0.41171875 0.4140625 0.284375 0.1875
2 0.34296875 0.24296875 0.340625 0.2296875
2 0.78359375 0.66171875 0.1890625 0.165625
2 0.11640625 0.3625 0.2328125 0.1671875
2 0.10859375 0.1734375 0.2171875 0.221875
2 0.29296875 0.06796875 0.2796875 0.1359375
2 0.57890625 0.09140625 0.309375 0.1828125
2 0.81640625 0.18515625 0.25625 0.1484375
2 0.8734375 0.35703125 0.253125 0.2015625
2 0.91015625 0.5234375 0.178125 0.128125
2 0.6015625 0.71015625 0.24375 0.1859375
2 0.2828125 0.68359375 0.3453125 0.20625
2 0.14296875 0.52421875 0.2859375 0.1796875
2 0.51484375 0.559375 0.2375 0.140625
2 0.678125 0.4453125 0.24375 0.20625
2 0.634375 0.2609375 0.2625 0.1625