0 0.4421875 0.46328125 0.278125 0.184375
0 0.37421875 0.29609375 0.334375 0.225
0 0.80625 0.70546875 0.184375 0.1625
0 0.13359375 0.41328125 0.265625 0.1640625
0 0.1390625 0.228125 0.225 0.21875
0 0.325 0.0953125 0.275 0.190625
0 0.60546875 0.13359375 0.303125 0.20625
0 0.83828125 0.2390625 0.25 0.1453125
0 0.88515625 0.4078125 0.2296875 0.196875
0 0.92109375 0.5703125 0.15625 0.125
0 0.628125 0.75390625 0.240625 0.1828125
0 0.315625 0.72734375 0.3375 0.2015625
0 0.165625 0.571875 0.30625 0.1765625
0 0.54296875 0.60546875 0.23125 0.1375
0 0.70234375 0.49375 0.2375 0.203125
0 0.659375 0.31328125 0.25625 0.159375