2 0.41953125 0.39296875 0.2203125 0.1765625
2 0.39765625 0.56171875 0.24375 0.1609375
2 0.83046875 0.47578125 0.23828125 0.1484375
2 0.81875 0.60625 0.20625 0.1140625
2 0.61484375 0.21796875 0.196875 0.19921875
2 0.6671875 0.384375 0.24375 0.15859375
2 0.4171875 0.20390625 0.19375 0.18125
2 0.79140625 0.26953125 0.16484375 0.16015625
2 0.61484375 0.53984375 0.20859375 0.15625
2 0.63203125 0.69921875 0.21484375 0.171875
2 0.42734375 0.73671875 0.24296875 0.14296875
2 0.24296875 0.46953125 0.196875 0.1421875
2 0.1265625 0.58671875 0.25234375 0.19765625
2 0.1328125 0.3765625 0.17265625 0.1671875
2 0.24140625 0.25234375 0.209375 0.16953125