2 0.41796875 0.5875 0.190625 0.2359375
2 0.59921875 0.6109375 0.171875 0.2609375
2 0.5078125 0.14765625 0.159375 0.25625
2 0.646875 0.16015625 0.121875 0.221875
2 0.23046875 0.378125 0.2140625 0.2125
2 0.409375 0.32265625 0.16875 0.2625
2 0.215625 0.590625 0.19375 0.2078125
2 0.2859375 0.1890625 0.171875 0.1765625
2 0.57578125 0.378125 0.1671875 0.2234375
2 0.74609375 0.36015625 0.184375 0.23125
2 0.7875 0.5796875 0.153125 0.259375
2 0.5 0.77734375 0.153125 0.2109375
2 0.62578125 0.88359375 0.2125 0.2328125
2 0.40078125 0.8953125 0.178125 0.184375
2 0.2671875 0.77890625 0.18125 0.225