0 0.38125 0.79765625 0.1265625 0.20625
0 0.29765625 0.66953125 0.13125 0.228125
0 0.5625 0.7265625 0.196875 0.221875
0 0.69609375 0.7734375 0.1484375 0.159375
0 0.62890625 0.36640625 0.1390625 0.15625
0 0.675 0.19921875 0.16875 0.1859375
0 0.53671875 0.47890625 0.159375 0.2375
0 0.4078125 0.31640625 0.1453125 0.2265625
0 0.33359375 0.159375 0.084375 0.153125
0 0.2625 0.2765625 0.159375 0.23125
0 0.4390625 0.1390625 0.103125 0.18125
0 0.22421875 0.4875 0.159375 0.2125
0 0.3703125 0.5015625 0.1265625 0.2
0 0.4609375 0.61875 0.1171875 0.1671875
0 0.6625 0.59609375 0.10625 0.1625
0 0.71484375 0.4875 0.125 0.159375
0 0.53125 0.2703125 0.11875 0.1375
0 0.55078125 0.1234375 0.11875 0.1703125
0 0.7734375 0.3390625 0.14375 0.2125
0 0.7890625 0.66328125 0.1484375 0.2015625