0 0.153125 0.35390625 0.209375 0.128125
0 0.284375 0.26875 0.23125 0.134375
0 0.22578125 0.53828125 0.225 0.2
0 0.178125 0.67421875 0.1625 0.1515625
0 0.5921875 0.60546875 0.1578125 0.140625
0 0.7625 0.65234375 0.190625 0.171875
0 0.478125 0.51171875 0.240625 0.1609375
0 0.64375 0.38125 0.23125 0.146875
0 0.803125 0.3046875 0.15625 0.0875
0 0.684375 0.2328125 0.234375 0.1625
0 0.8234375 0.4125 0.1859375 0.103125
0 0.46953125 0.19375 0.215625 0.1625
0 0.4546875 0.34296875 0.2046875 0.128125
0 0.3359375 0.43515625 0.1703125 0.11875
0 0.35859375 0.63984375 0.165625 0.1078125
0 0.46875 0.69296875 0.1625 0.1265625
0 0.68984375 0.50703125 0.140625 0.1203125
0 0.83984375 0.5265625 0.1734375 0.121875
0 0.6203125 0.75234375 0.215625 0.146875
0 0.28984375 0.76875 0.20625 0.15