0 0.1984375 0.09453125 0.0640625 0.025
0 0.359375 0.02734375 0.034375 0.025
0 0.378125 0.0640625 0.03125 0.0265625
0 0.39609375 0.12265625 0.03125 0.0234375
0 0.30703125 0.17265625 0.040625 0.0234375
0 0.390625 0.2859375 0.034375 0.0375
0 0.29921875 0.284375 0.065625 0.059375
0 0.0078125 0.31484375 0.015625 0.028125
0 0.1265625 0.35859375 0.096875 0.053125
0 0.178125 0.41796875 0.040625 0.034375
0 0.4359375 0.35625 0.053125 0.0421875
0 0.5234375 0.35703125 0.0671875 0.05625
0 0.83671875 0.28671875 0.071875 0.0484375
0 0.90703125 0.3671875 0.053125 0.059375
0 0.77421875 0.3328125 0.0640625 0.059375
0 0.7890625 0.38203125 0.0671875 0.05625
0 0.88984375 0.01015625 0.021875 0.0203125
0 0.82578125 0.49609375 0.059375 0.05625
0 0.496875 0.5640625 0.046875 0.04375
0 0.37421875 0.52265625 0.0640625 0.059375
0 0.434375 0.578125 0.053125 0.05625
0 0.49765625 0.61484375 0.065625 0.05625
0 0.29296875 0.57890625 0.08125 0.075
0 0.1265625 0.646875 0.08125 0.075
0 0.00703125 0.6203125 0.0125 0.0421875
0 0.51171875 0.765625 0.03125 0.025
0 0.6796875 0.93203125 0.03125 0.034375