0 0.07421875 0.00859375 0.0328125 0.0171875
0 0.12265625 0.1171875 0.0671875 0.0265625
0 0.290625 0.046875 0.034375 0.0265625
0 0.3109375 0.084375 0.034375 0.028125
0 0.32890625 0.14609375 0.03125 0.025
0 0.2359375 0.19921875 0.0421875 0.025
0 0.32421875 0.31796875 0.034375 0.040625
0 0.228125 0.31640625 0.06875 0.0625
0 0.0484375 0.39375 0.096875 0.0546875
0 0.1 0.45625 0.0421875 0.034375
0 0.37109375 0.39140625 0.05625 0.04375
0 0.46328125 0.39296875 0.0703125 0.059375
0 0.79140625 0.31875 0.075 0.05
0 0.865625 0.403125 0.05625 0.0625
0 0.7265625 0.3671875 0.0671875 0.0625
0 0.7421875 0.41796875 0.0703125 0.0578125
0 0.8484375 0.0265625 0.021875 0.025
0 0.7796875 0.5375 0.0625 0.059375
0 0.43515625 0.609375 0.05 0.046875
0 0.30625 0.56640625 0.0671875 0.0625
0 0.36953125 0.62421875 0.05625 0.059375
0 0.4359375 0.6625 0.06875 0.0578125
0 0.22109375 0.625 0.084375 0.078125
0 0.046875 0.69609375 0.084375 0.078125
0 0.45078125 0.82109375 0.03125 0.0265625
0 0.6265625 0.98828125 0.03125 0.021875