0 0.0046875 0.84453125 0.009375 0.03125
0 0.10546875 0.79921875 0.025 0.0640625
0 0.03671875 0.6359375 0.025 0.034375
0 0.07421875 0.61640625 0.028125 0.03125
0 0.13359375 0.59765625 0.025 0.03125
0 0.184375 0.6890625 0.021875 0.040625
0 0.29921875 0.603125 0.0375 0.034375
0 0.29765625 0.696875 0.059375 0.0671875
0 0.3296875 0.99296875 0.028125 0.0140625
0 0.3734375 0.87265625 0.0515625 0.0984375
0 0.434375 0.8203125 0.034375 0.040625
0 0.37109375 0.55703125 0.04375 0.0546875
0 0.37265625 0.46875 0.05625 0.0671875
0 0.3 0.14921875 0.05 0.0734375
0 0.38203125 0.078125 0.059375 0.053125
0 0.34765625 0.21328125 0.059375 0.0640625
0 0.39765625 0.19765625 0.05625 0.06875
0 0.0171875 0.09375 0.021875 0.021875
0 0.51328125 0.16015625 0.05625 0.059375
0 0.58203125 0.49609375 0.04375 0.046875
0 0.540625 0.6203125 0.059375 0.0640625
0 0.596875 0.55859375 0.059375 0.053125
0 0.634375 0.4953125 0.05625 0.065625
0 0.596875 0.703125 0.075 0.08125
0 0.66640625 0.87265625 0.0765625 0.0828125
0 0.63984375 0.99375 0.040625 0.0125
0 0.7875 0.48046875 0.025 0.03125
0 0.95625 0.31015625 0.034375 0.0296875