0 0.353125 0.9046875 0.025 0.04375
0 0.34375 0.83515625 0.015625 0.025
0 0.38046875 0.82890625 0.0203125 0.028125
0 0.4046875 0.78359375 0.0328125 0.046875
0 0.4109375 0.6828125 0.0140625 0.021875
0 0.41953125 0.71640625 0.0328125 0.040625
0 0.2984375 0.5078125 0.059375 0.08125
0 0.33984375 0.58515625 0.0484375 0.0703125
0 0.3953125 0.58046875 0.078125 0.096875
0 0.39765625 0.93359375 0.034375 0.046875
0 0.4046875 0.82265625 0.025 0.028125
0 0.41875 0.86484375 0.0359375 0.040625
0 0.44921875 0.9234375 0.025 0.03125
0 0.4578125 0.87265625 0.03125 0.046875
0 0.475 0.83828125 0.0328125 0.04375
0 0.5015625 0.9765625 0.034375 0.046875
0 0.4734375 0.9875 0.034375 0.025
0 0.45 0.653125 0.01875 0.021875
0 0.4453125 0.73359375 0.0125 0.028125
0 0.459375 0.74921875 0.028125 0.03125
0 0.47109375 0.78203125 0.028125 0.034375
0 0.48046875 0.746875 0.015625 0.028125
0 0.4875 0.7765625 0.028125 0.0359375
0 0.4828125 0.91015625 0.028125 0.034375
0 0.515625 0.83359375 0.034375 0.040625
0 0.52890625 0.825 0.03125 0.04375
0 0.53515625 0.76484375 0.0203125 0.03125
0 0.54375 0.79140625 0.025 0.040625
0 0.61328125 0.525 0.084375 0.084375
0 0.578125 0.396875 0.0375 0.0375
0 0.6125 0.4296875 0.021875 0.04375
0 0.59140625 0.10078125 0.0171875 0.040625
0 0.66875 0.15390625 0.015625 0.025
0 0.8 0.24921875 0.028125 0.03125
0 0.8265625 0.240625 0.040625 0.046875
0 0.8203125 0.290625 0.040625 0.0625
0 0.69296875 0.303125 0.028125 0.03125
0 0.77265625 0.5296875 0.01875 0.0328125
0 0.92109375 0.03984375 0.03125 0.034375
0 0.953125 0.0546875 0.034375 0.04375
0 0.76640625 0.67109375 0.04375 0.0484375
0 0.78828125 0.70078125 0.046875 0.046875
0 0.46796875 0.6859375 0.025 0.0359375
0 0.51640625 0.72890625 0.021875 0.028125
0 0.75390625 0.84375 0.0359375 0.053125
0 0.74765625 0.7953125 0.04375 0.0671875
0 0.80390625 0.88046875 0.021875 0.04375
0 0.8203125 0.89296875 0.028125 0.040625
0 0.83359375 0.7640625 0.034375 0.025
0 0.865625 0.8546875 0.0625 0.0828125
0 0.88671875 0.925 0.040625 0.053125
0 0.97265625 0.8390625 0.028125 0.05