0 0.1484375 0.37734375 0.04375 0.025
0 0.21796875 0.36796875 0.025 0.015625
0 0.22421875 0.4046875 0.028125 0.0203125
0 0.26953125 0.42890625 0.046875 0.0328125
0 0.3703125 0.434375 0.021875 0.0140625
0 0.33671875 0.44296875 0.040625 0.0328125
0 0.5453125 0.321875 0.08125 0.059375
0 0.46796875 0.3640625 0.0703125 0.0484375
0 0.47265625 0.41953125 0.096875 0.078125
0 0.11953125 0.421875 0.046875 0.034375
0 0.23046875 0.42890625 0.028125 0.025
0 0.18828125 0.4421875 0.040625 0.0359375
0 0.1296875 0.4734375 0.03125 0.025
0 0.18046875 0.48203125 0.046875 0.03125
0 0.21484375 0.49921875 0.04375 0.0328125
0 0.00546875 0.465625 0.009375 0.028125
0 0.0140625 0.49140625 0.028125 0.03125
0 0.07578125 0.52578125 0.05 0.034375
0 0.05390625 0.4984375 0.05 0.034375
0 0.4 0.47421875 0.021875 0.01875
0 0.31953125 0.46875 0.028125 0.0125
0 0.30390625 0.48359375 0.03125 0.028125
0 0.27109375 0.49453125 0.034375 0.028125
0 0.30703125 0.50390625 0.028125 0.015625
0 0.2765625 0.5109375 0.0359375 0.028125
0 0.14375 0.50703125 0.034375 0.028125
0 0.2203125 0.53984375 0.040625 0.034375
0 0.22890625 0.553125 0.04375 0.03125
0 0.28828125 0.559375 0.03125 0.0203125
0 0.26171875 0.56796875 0.040625 0.025
0 0.528125 0.6375 0.084375 0.084375
0 0.65625 0.60234375 0.0375 0.0375
0 0.6234375 0.63671875 0.04375 0.021875
0 0.953125 0.61484375 0.040625 0.0171875
0 0.89921875 0.6921875 0.025 0.015625
0 0.80390625 0.82421875 0.03125 0.028125
0 0.8125 0.85078125 0.046875 0.040625
0 0.7625 0.84453125 0.0625 0.040625
0 0.75 0.7171875 0.03125 0.028125
0 0.5234375 0.79609375 0.0328125 0.01875
0 0.9875 0.975 0.025 0.034375
0 0.38203125 0.790625 0.0484375 0.04375
0 0.35234375 0.8125 0.046875 0.046875
0 0.36796875 0.4921875 0.0359375 0.025
0 0.325 0.540625 0.028125 0.021875
0 0.00234375 0.640625 0.0046875 0.040625
0 0.209375 0.778125 0.053125 0.0359375
0 0.2578125 0.77109375 0.0671875 0.04375
0 0.17265625 0.828125 0.04375 0.021875
0 0.1609375 0.84453125 0.040625 0.028125
0 0.28984375 0.85703125 0.025 0.034375
0 0.1984375 0.88984375 0.0828125 0.0625
0 0.128125 0.9109375 0.053125 0.040625
0 0.2140625 0.99140625 0.05 0.0171875