0 0.2234375 0.4046875 0.19140625 0.11875
0 0.34375 0.3265625 0.2125 0.1234375
0 0.28984375 0.5734375 0.20625 0.1828125
0 0.246875 0.6984375 0.14765625 0.13828125
0 0.62578125 0.63515625 0.14453125 0.1296875
0 0.78125 0.678125 0.1734375 0.15703125
0 0.52109375 0.54921875 0.2203125 0.14765625
0 0.67265625 0.4296875 0.21171875 0.13515625
0 0.81875 0.36015625 0.14375 0.0796875
0 0.71015625 0.29375 0.21484375 0.14921875
0 0.8375 0.45859375 0.1703125 0.0953125
0 0.51328125 0.2578125 0.1984375 0.14921875
0 0.5 0.39453125 0.1875 0.11875
0 0.390625 0.47890625 0.15546875 0.109375
0 0.41171875 0.66640625 0.1515625 0.0984375
0 0.5125 0.715625 0.1484375 0.115625
0 0.715625 0.54453125 0.128125 0.11015625
0 0.85234375 0.5625 0.159375 0.1109375
0 0.6515625 0.7703125 0.1984375 0.13359375
0 0.34921875 0.78515625 0.18828125 0.13828125