0 0.08828125 0.22578125 0.175 0.1890625
0 0.1796875 0.3765625 0.1765625 0.228125
0 0.2234375 0.590625 0.1453125 0.253125
0 0.4609375 0.70859375 0.14375 0.221875
0 0.33671875 0.253125 0.13125 0.178125
0 0.38125 0.08046875 0.15 0.1609375
0 0.50546875 0.1125 0.1390625 0.225
0 0.71953125 0.52109375 0.1984375 0.265625
0 0.08046875 0.64140625 0.159375 0.215625
0 0.14296875 0.828125 0.21875 0.221875
0 0.25546875 0.93671875 0.1640625 0.1265625
0 0.63046875 0.8078125 0.1796875 0.228125
0 0.353125 0.48671875 0.159375 0.234375
0 0.5203125 0.3609375 0.184375 0.25625
0 0.64375 0.2125 0.1546875 0.259375
0 0.5734375 0.59296875 0.18125 0.225
0 0.2078125 0.09921875 0.1875 0.1984375
0 0.0484375 0.41875 0.096875 0.2390625
0 0.3171875 0.76171875 0.1453125 0.275
0 0.44375 0.90390625 0.2 0.1921875