2 0.38984375 0.84453125 0.025 0.040625
2 0.38046875 0.77734375 0.015625 0.025
2 0.41640625 0.771875 0.0203125 0.0265625
2 0.4390625 0.72734375 0.03125 0.04375
2 0.4453125 0.63046875 0.0125 0.021875
2 0.453125 0.6625 0.03125 0.0375
2 0.33671875 0.4609375 0.0578125 0.078125
2 0.37734375 0.5359375 0.046875 0.06875
2 0.43046875 0.53125 0.075 0.09375
2 0.4328125 0.87265625 0.034375 0.04375
2 0.4390625 0.765625 0.025 0.028125
2 0.45234375 0.80625 0.034375 0.040625
2 0.4828125 0.86328125 0.0234375 0.0296875
2 0.490625 0.8140625 0.0296875 0.04375
2 0.5078125 0.78046875 0.03125 0.04375
2 0.475 0.9890625 0.0265625 0.021875
2 0.49921875 0.98125 0.0296875 0.0375
2 0.53359375 0.915625 0.034375 0.0484375
2 0.50703125 0.9359375 0.034375 0.0484375
2 0.48359375 0.6015625 0.01875 0.021875
2 0.478125 0.6796875 0.0125 0.0265625
2 0.4921875 0.69453125 0.0265625 0.0296875
2 0.503125 0.72578125 0.0265625 0.034375
2 0.5125 0.6921875 0.015625 0.028125
2 0.51875 0.72109375 0.0265625 0.034375
2 0.51484375 0.85 0.028125 0.034375
2 0.546875 0.77578125 0.034375 0.040625
2 0.56015625 0.7671875 0.0296875 0.04375
2 0.565625 0.709375 0.0203125 0.0296875
2 0.57421875 0.73515625 0.025 0.040625
2 0.64140625 0.47734375 0.08125 0.08125
2 0.60703125 0.35390625 0.0375 0.0375
2 0.640625 0.38515625 0.021875 0.04375
2 0.61953125 0.0671875 0.015625 0.040625
2 0.69453125 0.11875 0.015625 0.025
2 0.82109375 0.2109375 0.0265625 0.0296875
2 0.846875 0.20234375 0.0375 0.04375
2 0.84140625 0.25078125 0.040625 0.0625
2 0.71875 0.26328125 0.0265625 0.0296875
2 0.79453125 0.4828125 0.01875 0.03125
2 0.93828125 0.0125 0.0296875 0.025
2 0.96953125 0.0234375 0.034375 0.04375
2 0.7890625 0.61875 0.04375 0.046875
2 0.8109375 0.64765625 0.04375 0.04375
2 0.50078125 0.6328125 0.0234375 0.034375
2 0.54765625 0.67421875 0.021875 0.0265625
2 0.6453125 0.99140625 0.0375 0.0171875
2 0.77734375 0.7859375 0.034375 0.0515625
2 0.77109375 0.7390625 0.040625 0.065625
2 0.82578125 0.82109375 0.021875 0.0421875
2 0.84140625 0.8328125 0.028125 0.040625
2 0.85390625 0.70859375 0.034375 0.025
2 0.88515625 0.796875 0.0625 0.0796875
2 0.90546875 0.86484375 0.040625 0.0515625
2 0.9875 0.78125 0.025 0.0484375
1 0.5 0.5 0.1 0.1