0 0.15234375 0.37265625 0.0390625 0.0234375
0 0.215625 0.3640625 0.0234375 0.0140625
0 0.22109375 0.39765625 0.025 0.01875
0 0.2625 0.41953125 0.0421875 0.0296875
0 0.35390625 0.425 0.0203125 0.0125
0 0.3234375 0.4328125 0.0359375 0.0296875
0 0.51328125 0.32265625 0.0734375 0.0546875
0 0.44296875 0.3609375 0.0640625 0.04375
0 0.446875 0.4109375 0.0890625 0.0703125
0 0.12578125 0.41328125 0.0421875 0.03125
0 0.2265625 0.41953125 0.0265625 0.0234375
0 0.18828125 0.43203125 0.0375 0.0328125
0 0.13515625 0.46015625 0.028125 0.021875
0 0.18125 0.46796875 0.0421875 0.028125
0 0.2125 0.48359375 0.040625 0.0296875
0 0.01328125 0.453125 0.0265625 0.025
0 0.02109375 0.47734375 0.0421875 0.028125
0 0.0859375 0.5078125 0.0453125 0.03125
0 0.06640625 0.4828125 0.0453125 0.03125
0 0.38125 0.4609375 0.0203125 0.0171875
0 0.3078125 0.45625 0.025 0.0109375
0 0.29375 0.46953125 0.028125 0.025
0 0.2640625 0.4796875 0.03125 0.025
0 0.29609375 0.48828125 0.0265625 0.0140625
0 0.26875 0.49453125 0.0328125 0.025
0 0.14765625 0.490625 0.03125 0.0265625
0 0.2171875 0.5203125 0.0375 0.03125
0 0.225 0.5328125 0.040625 0.028125
0 0.2796875 0.53828125 0.028125 0.01875
0 0.25546875 0.54609375 0.0375 0.0234375
0 0.49765625 0.609375 0.0765625 0.0765625
0 0.6140625 0.57734375 0.034375 0.034375
0 0.584375 0.60859375 0.040625 0.0203125
0 0.88359375 0.5890625 0.0375 0.015625
0 0.83515625 0.659375 0.0234375 0.0140625
0 0.7484375 0.77890625 0.028125 0.025
0 0.75625 0.803125 0.0421875 0.0359375
0 0.7109375 0.79765625 0.0578125 0.0375
0 0.69921875 0.68203125 0.028125 0.025
0 0.49296875 0.75390625 0.0296875 0.0171875
0 0.8515625 0.98984375 0.059375 0.0203125
0 0.9390625 0.8890625 0.03125 0.028125
0 0.925 0.91796875 0.040625 0.03125
0 0.36484375 0.7484375 0.04375 0.040625
0 0.3375 0.76875 0.0421875 0.0421875
0 0.3515625 0.47734375 0.0328125 0.021875
0 0.3125 0.52109375 0.025 0.0203125
0 0.0109375 0.6140625 0.021875 0.0359375
0 0.2078125 0.7375 0.0484375 0.0328125
0 0.2515625 0.73125 0.0609375 0.0390625
0 0.17421875 0.7828125 0.040625 0.0203125
0 0.16328125 0.79765625 0.0375 0.0265625
0 0.28046875 0.809375 0.0234375 0.03125
0 0.19765625 0.8390625 0.075 0.0578125
0 0.13359375 0.8578125 0.0484375 0.0375
0 0.21171875 0.9359375 0.0453125 0.025
0 0.41796875 0.9765625 0.0828125 0.046875
1 0.5 0.5 0.1 0.1