0 0.1765625 0.60625 0.19609375 0.15625
0 0.52109375 0.46171875 0.2140625 0.15078125
0 0.7125 0.56953125 0.203125 0.13984375
0 0.384375 0.35703125 0.25703125 0.14140625
0 0.30859375 0.49140625 0.2109375 0.12734375
0 0.41796875 0.5953125 0.22109375 0.1453125
0 0.58828125 0.6703125 0.165625 0.18359375
0 0.76328125 0.7484375 0.21796875 0.15546875
0 0.68359375 0.8671875 0.196875 0.15
0 0.5875 0.94375 0.15859375 0.1125
0 0.4578125 0.79609375 0.2703125 0.1875
0 0.20625 0.75546875 0.19140625 0.1625
0 0.71875 0.4421875 0.15078125 0.12734375
0 0.86328125 0.50625 0.1890625 0.17109375
0 0.8890625 0.6484375 0.221875 0.128125
0 0.62109375 0.35390625 0.20078125 0.12578125
0 0.3953125 0.9265625 0.2328125 0.146875