2 0.04765625 0.06484375 0.034375 0.0359375
2 0.08828125 0.07421875 0.03515625 0.03359375
2 0.15234375 0.565625 0.02109375 0.01328125
2 0.49140625 0.57578125 0.0203125 0.01953125
2 0.5578125 0.5875 0.03203125 0.02421875
2 0.3828125 0.46484375 0.03046875 0.02265625
2 0.359375 0.46171875 0.021875 0.0171875
2 0.3578125 0.4921875 0.02421875 0.0140625
2 0.3625 0.4296875 0.02109375 0.02265625
2 0.346875 0.42109375 0.01953125 0.01953125
2 0.346875 0.396875 0.028125 0.01484375
2 0.44453125 0.4609375 0.02109375 0.02109375
2 0.68046875 0.44375 0.0265625 0.02890625
2 0.6109375 0.3921875 0.02421875 0.02265625
2 0.7109375 0.4203125 0.0359375 0.02265625
2 0.7921875 0.38125 0.02421875 0.02578125
2 0.74609375 0.36328125 0.02421875 0.0203125
2 0.765625 0.37265625 0.0234375 0.0171875
2 0.7609375 0.984375 0.021875 0.021875
2 0.16953125 0.38671875 0.02265625 0.01640625
2 0.3703125 0.1828125 0.02578125 0.028125
2 0.3515625 0.2109375 0.03203125 0.02734375
2 0.34296875 0.1421875 0.02265625 0.02109375
2 0.52421875 0.12734375 0.0203125 0.021875
2 0.56015625 0.1140625 0.0265625 0.0234375
2 0.54375 0.1078125 0.02578125 0.01640625
2 0.5734375 0.10625 0.03046875 0.0171875
2 0.41171875 0.12578125 0.0125 0.01484375
2 0.2390625 0.0484375 0.01796875 0.0171875
2 0.275 0.046875 0.01796875 0.01484375
2 0.4703125 0.0328125 0.0265625 0.03046875
2 0.528125 0.05234375 0.01796875 0.0140625
2 0.50703125 0.07109375 0.01640625 0.01484375
2 0.51328125 0.06171875 0.01953125 0.0140625
2 0.46953125 0.09765625 0.0140625 0.0109375
2 0.46484375 0.07734375 0.01484375 0.0140625
2 0.59140625 0.09453125 0.0140625 0.01875
2 0.6390625 0.05546875 0.015625 0.01640625
2 0.6234375 0.0515625 0.01484375 0.015625
2 0.8484375 0.025 0.021875 0.01953125
2 0.7421875 0.17890625 0.015625 0.015625
2 0.690625 0.0828125 0.03359375 0.0109375
2 0.81796875 0.196875 0.01796875 0.01640625
2 0.47578125 0.2015625 0.02734375 0.02578125
2 0.35859375 0.34765625 0.01953125 0.0234375
2 0.34765625 0.33828125 0.01796875 0.01171875
2 0.328125 0.31796875 0.01640625 0.01484375
2 0.76953125 0.06171875 0.01796875 0.01640625
1 0.5 0.5 0.1 0.1