0 0.78984375 0.384375 0.0796875 0.0671875
0 0.703125 0.46171875 0.071875 0.06875
0 0.61875 0.25390625 0.0734375 0.078125
0 0.60078125 0.46875 0.0625 0.06875
0 0.61796875 0.521875 0.05625 0.0890625
0 0.58671875 0.39921875 0.078125 0.06875
0 0.59296875 0.32109375 0.05625 0.075
0 0.53203125 0.31640625 0.059375 0.0703125
0 0.44140625 0.2953125 0.0671875 0.0734375
0 0.4578125 0.58359375 0.05 0.05625
0 0.36953125 0.2046875 0.0640625 0.0625
0 0.33203125 0.24609375 0.0609375 0.06875
0 0.28515625 0.2140625 0.05625 0.071875
0 0.29765625 0.278125 0.04375 0.0640625
0 0.325 0.015625 0.0421875 0.03125
0 0.79921875 0.26015625 0.034375 0.03125
0 0.734375 0.309375 0.04375 0.034375
1 0.5 0.5 0.1 0.1