0 0.08984375 0.075 0.0640625 0.05
0 0.18671875 0.140625 0.065625 0.05625
0 0.20390625 0.18359375 0.053125 0.05
0 0.15859375 0.17734375 0.05625 0.05
0 0.540625 0.31015625 0.0875 0.078125
0 0.3515625 0.1296875 0.053125 0.0421875
0 0.41953125 0.3765625 0.075 0.0765625
0 0.45390625 0.41953125 0.071875 0.071875
0 0.52109375 0.39375 0.0828125 0.071875
0 0.53203125 0.45390625 0.090625 0.08125
0 0.965625 0.70546875 0.06875 0.08125
0 0.33984375 0.87890625 0.0484375 0.040625
0 0.984375 0.9609375 0.03125 0.03125
0 0.9765625 0.99296875 0.046875 0.0140625
0 0.59453125 0.6703125 0.05625 0.0578125
1 0.5 0.5 0.1 0.1