0 0.0375 0.93828125 0.05 0.06875
0 0.10546875 0.8359375 0.059375 0.06875
0 0.15078125 0.81796875 0.053125 0.05625
0 0.14375 0.865625 0.053125 0.059375
0 0.2828125 0.4640625 0.0828125 0.090625
0 0.09375 0.66328125 0.04375 0.05625
0 0.35390625 0.590625 0.08125 0.078125
0 0.3984375 0.55546875 0.075 0.075
0 0.37109375 0.484375 0.075 0.0875
0 0.434375 0.4734375 0.0859375 0.09375
0 0.696875 0.0265625 0.084375 0.053125
0 0.88046875 0.675 0.040625 0.0515625
0 0.96640625 0.00703125 0.0328125 0.0140625
0 0.996875 0.01484375 0.00625 0.0296875
0 0.66171875 0.4078125 0.0609375 0.059375
1 0.5 0.5 0.1 0.1