0 0.16171875 0.4609375 0.090625 0.128125
0 0.36640625 0.5703125 0.1046875 0.109375
0 0.33203125 0.6375 0.090625 0.0859375
0 0.4296875 0.396875 0.09375 0.109375
0 0.53125 0.42265625 0.075 0.084375
0 0.7078125 0.1171875 0.06875 0.078125
0 0.64140625 0.3234375 0.06875 0.09375
0 0.60859375 0.35859375 0.046875 0.06875
0 0.59453125 0.46328125 0.078125 0.0859375
0 0.69921875 0.40625 0.0625 0.0625
0 0.67109375 0.6109375 0.0546875 0.071875
0 0.84140625 0.76796875 0.078125 0.0875
0 0.62578125 0.478125 0.078125 0.1
1 0.5 0.5 0.1 0.1