2 0.5390625 0.15 0.13125 0.0953125
2 0.4265625 0.3625 0.115625 0.1078125
2 0.35625 0.3265625 0.090625 0.09375
2 0.60625 0.428125 0.1125 0.096875
2 0.5796875 0.5328125 0.0875 0.078125
2 0.896875 0.715625 0.08125 0.0703125
2 0.6828125 0.646875 0.0953125 0.071875
2 0.64609375 0.61328125 0.0703125 0.05
2 0.53671875 0.5984375 0.090625 0.08125
2 0.59609375 0.70625 0.065625 0.065625
2 0.384375 0.678125 0.0734375 0.05625
2 0.22109375 0.85390625 0.0921875 0.08125
2 0.521875 0.63046875 0.103125 0.08125
1 0.5 0.5 0.1 0.1