0 0.38828125 0.4609375 0.01328125 0.009375
0 0.39921875 0.4640625 0.015625 0.0125
0 0.4 0.45 0.0140625 0.0125
0 0.309375 0.41171875 0.015625 0.0125
0 0.2828125 0.409375 0.01796875 0.01328125
0 0.3390625 0.4171875 0.01484375 0.0109375
0 0.12734375 0.95 0.015625 0.01875
0 0.1453125 0.9390625 0.015625 0.01484375
0 0.08046875 0.9171875 0.015625 0.015625
0 0.071875 0.9046875 0.0171875 0.0109375
0 0.3578125 0.98671875 0.0140625 0.01796875
0 0.37265625 0.8703125 0.0109375 0.0140625
0 0.38671875 0.8578125 0.0140625 0.015625
0 0.2578125 0.7890625 0.01640625 0.0171875
0 0.3515625 0.77890625 0.015625 0.01015625
0 0.134375 0.753125 0.01484375 0.0109375
0 0.10078125 0.78125 0.01171875 0.0140625
0 0.32421875 0.70078125 0.01484375 0.01328125
0 0.303125 0.67890625 0.01640625 0.0109375
0 0.140625 0.65234375 0.0140625 0.015625
0 0.11640625 0.61953125 0.01796875 0.0125
0 0.15234375 0.63984375 0.01796875 0.009375
0 0.096875 0.60859375 0.01875 0.01328125
0 0.25390625 0.5859375 0.01640625 0.0140625
0 0.0953125 0.52109375 0.01328125 0.0125
0 0.08515625 0.54375 0.01796875 0.0140625
0 0.26796875 0.52421875 0.01640625 0.015625
0 0.25625 0.3265625 0.01328125 0.009375
0 0.184375 0.39140625 0.01328125 0.01171875
0 0.171875 0.37734375 0.01328125 0.009375
0 0.23046875 0.34453125 0.0109375 0.0078125
0 0.0140625 0.209375 0.0140625 0.009375
0 0.0078125 0.2375 0.0125 0.00859375
0 0.003125 0.22734375 0.00625 0.009375
0 0.11015625 0.19609375 0.0109375 0.00625
0 0.3328125 0.21875 0.009375 0.0078125
0 0.35390625 0.2078125 0.0109375 0.009375
0 0.33203125 0.290625 0.009375 0.00625
0 0.32421875 0.36328125 0.01171875 0.00703125
0 0.44765625 0.2734375 0.01328125 0.0078125
0 0.446875 0.28203125 0.01328125 0.00859375
0 0.396875 0.41484375 0.0078125 0.00625
0 0.39921875 0.42109375 0.0109375 0.00625
0 0.4734375 0.36953125 0.01171875 0.00625
0 0.4875 0.36640625 0.009375 0.00625
0 0.57734375 0.38515625 0.0109375 0.00859375
0 0.5703125 0.375 0.015625 0.009375
0 0.565625 0.38359375 0.009375 0.01015625
0 0.62109375 0.39765625 0.00703125 0.009375
0 0.62734375 0.40078125 0.009375 0.009375
0 0.61875 0.515625 0.01484375 0.01015625
0 0.20703125 0.4078125 0.01015625 0.00859375
0 0.54765625 0.29609375 0.01640625 0.0078125
0 0.57109375 0.3296875 0.01328125 0.00859375
0 0.58671875 0.32109375 0.00859375 0.009375
0 0.60234375 0.315625 0.01171875 0.00859375
0 0.70546875 0.2375 0.01328125 0.009375
0 0.765625 0.20078125 0.009375 0.009375
0 0.78359375 0.2015625 0.0109375 0.00625
0 0.76640625 0.246875 0.00859375 0.009375
0 0.77421875 0.23359375 0.009375 0.009375
0 0.76640625 0.2171875 0.01015625 0.01015625
0 0.7765625 0.21328125 0.01171875 0.00703125
0 0.79765625 0.26796875 0.01015625 0.00703125
0 0.82421875 0.290625 0.009375 0.0078125
0 0.803125 0.24453125 0.01328125 0.00703125
0 0.634375 0.23359375 0.01328125 0.01171875
0 0.95703125 0.38984375 0.01171875 0.00859375
0 0.98125 0.50703125 0.01484375 0.0109375
0 0.8421875 0.43984375 0.0140625 0.00859375
0 0.59453125 0.4171875 0.01171875 0.0109375
0 0.9515625 0.91171875 0.01484375 0.0109375
0 0.87890625 0.95 0.01796875 0.01796875
0 0.59609375 0.98828125 0.01484375 0.01875
0 0.565625 0.990625 0.0125 0.0171875
0 0.5359375 0.98125 0.01015625 0.01171875
0 0.5734375 0.96015625 0.015625 0.01171875
0 0.58046875 0.9703125 0.01484375 0.01640625
0 0.49453125 0.7375 0.0171875 0.0125
0 0.34375 0.71484375 0.0140625 0.00859375
0 0.4015625 0.80625 0.0140625 0.0109375
0 0.6171875 0.303125 0.01484375 0.0125
0 0.0859375 0.8921875 0.01484375 0.01640625
0 0.29296875 0.81796875 0.0109375 0.01171875
0 0.98671875 0.97109375 0.0140625 0.01640625