0 0.18984375 0.46328125 0.13125 0.128125
0 0.303125 0.39140625 0.159375 0.15
0 0.30546875 0.30078125 0.146875 0.1078125
0 0.32890625 0.6609375 0.109375 0.1
0 0.4625 0.484375 0.05625 0.059375
0 0.5328125 0.44296875 0.0875 0.0875
0 0.621875 0.43671875 0.090625 0.0875
0 0.66953125 0.37734375 0.1015625 0.075
0 0.59765625 0.36484375 0.0875 0.0625
0 0.665625 0.2578125 0.1 0.08125
0 0.66796875 0.21015625 0.103125 0.0625
0 0.78671875 0.13203125 0.09375 0.0671875
0 0.625 0.709375 0.103125 0.090625
1 0.5 0.5 0.1 0.1