0 0.25078125 0.459375 0.121875 0.1171875
0 0.35546875 0.39296875 0.1484375 0.1390625
0 0.35703125 0.309375 0.1359375 0.1
0 0.37890625 0.64140625 0.1015625 0.090625
0 0.50234375 0.47890625 0.0515625 0.05625
0 0.56640625 0.440625 0.08125 0.0796875
0 0.64921875 0.43515625 0.084375 0.0796875
0 0.69296875 0.3796875 0.09375 0.06875
0 0.6265625 0.36875 0.08125 0.05625
0 0.6890625 0.2703125 0.0921875 0.075
0 0.69140625 0.22578125 0.096875 0.0578125
0 0.80078125 0.15390625 0.0859375 0.0625
0 0.690625 0.015625 0.059375 0.03125
0 0.6515625 0.6859375 0.0953125 0.0828125
1 0.5 0.5 0.1 0.1