0 0.6421875 0.0484375 0.0328125 0.0171875
0 0.65546875 0.0734375 0.028125 0.025
0 0.48671875 0.02421875 0.028125 0.025
0 0.53125 0.11328125 0.0265625 0.025
0 0.47890625 0.14140625 0.0296875 0.021875
0 0.375 0.10078125 0.0234375 0.01875
0 0.50390625 0.1140625 0.0328125 0.0265625
0 0.61171875 0.06015625 0.0265625 0.015625
0 0.5890625 0.04453125 0.01875 0.015625
0 0.62109375 0.09765625 0.0203125 0.0125
0 0.6640625 0.1140625 0.0203125 0.0171875
0 0.64140625 0.10546875 0.03125 0.025
0 0.42109375 0.29140625 0.025 0.015625
0 0.54453125 0.3828125 0.03125 0.0234375
0 0.63125 0.38515625 0.05 0.0359375
0 0.66640625 0.38671875 0.040625 0.0171875
0 0.7296875 0.3328125 0.040625 0.034375
0 0.78125 0.34375 0.0296875 0.0375
0 0.871875 0.38125 0.0453125 0.0359375
0 0.79453125 0.37421875 0.0390625 0.0265625
0 0.78515625 0.48671875 0.0375 0.034375
0 0.825 0.503125 0.034375 0.03125
0 0.75859375 0.5203125 0.0484375 0.0390625
0 0.84921875 0.5390625 0.0421875 0.034375
0 0.73984375 0.52890625 0.0359375 0.01875
0 0.6125 0.54375 0.0390625 0.034375
0 0.6046875 0.55546875 0.03125 0.03125
0 0.515625 0.53515625 0.028125 0.0328125
0 0.49453125 0.5234375 0.028125 0.0328125
0 0.4421875 0.47578125 0.0328125 0.0234375
0 0.34765625 0.4875 0.04375 0.040625
0 0.3234375 0.43984375 0.0265625 0.0203125
0 0.32109375 0.4609375 0.03125 0.028125
0 0.29921875 0.41875 0.0296875 0.01875
0 0.309375 0.34453125 0.0203125 0.0078125
0 0.228125 0.421875 0.0265625 0.015625
0 0.15625 0.5109375 0.0625 0.0375
0 0.1859375 0.53125 0.0328125 0.034375
0 0.22109375 0.55546875 0.0453125 0.028125
0 0.165625 0.5859375 0.075 0.021875
0 0.18359375 0.67734375 0.0515625 0.0328125
0 0.25703125 0.6640625 0.0703125 0.0515625
0 0.29296875 0.68828125 0.05 0.05
0 0.2390625 0.7234375 0.0515625 0.0515625
0 0.36171875 0.809375 0.0296875 0.0296875
0 0.38359375 0.8171875 0.0234375 0.025
0 0.31171875 0.9734375 0.0375 0.034375
0 0.27734375 0.96953125 0.0421875 0.0265625
0 0.5484375 0.7203125 0.0125 0.0078125
0 0.86171875 0.7421875 0.021875 0.0203125
0 0.82109375 0.86875 0.0234375 0.0234375
0 0.89921875 0.8625 0.0265625 0.0203125
0 0.88125 0.88359375 0.028125 0.0203125
0 0.74140625 0.92734375 0.01875 0.0125
0 0.98125 0.909375 0.0234375 0.0140625
0 0.82109375 0.9203125 0.0140625 0.0140625
0 0.91015625 0.80625 0.04375 0.0125
0 0.7671875 0.6671875 0.015625 0.0109375
0 0.715625 0.68046875 0.021875 0.0203125
0 0.74140625 0.59765625 0.0140625 0.009375
0 0.71328125 0.6328125 0.0140625 0.0125
0 0.696875 0.62109375 0.0109375 0.0125
0 0.9203125 0.584375 0.021875 0.0140625
0 0.9125 0.603125 0.0234375 0.0203125
0 0.63046875 0.71171875 0.0234375 0.0140625
1 0.5 0.5 0.1 0.1