0 0.4828125 0.65 0.01015625 0.00859375
0 0.4875 0.6421875 0.01171875 0.00703125
0 0.49140625 0.6484375 0.01171875 0.01171875
0 0.5734375 0.6828125 0.01015625 0.00625
0 0.59296875 0.5265625 0.01171875 0.00859375
0 0.5953125 0.5359375 0.0078125 0.0125
0 0.603125 0.5328125 0.009375 0.009375
0 0.60703125 0.5234375 0.01015625 0.0109375
0 0.615625 0.534375 0.009375 0.00703125
0 0.61640625 0.5234375 0.0078125 0.00859375
0 0.62578125 0.52265625 0.01015625 0.009375
0 0.6140625 0.496875 0.01328125 0.0078125
0 0.6375 0.51171875 0.009375 0.009375
0 0.6453125 0.5078125 0.009375 0.009375
0 0.6421875 0.5328125 0.009375 0.00625
0 0.65625 0.5328125 0.01484375 0.0109375
0 0.65546875 0.55390625 0.01171875 0.009375
0 0.67734375 0.46171875 0.009375 0.00859375
0 0.9140625 0.63125 0.015625 0.0140625
0 0.6359375 0.7109375 0.01328125 0.0109375
0 0.31171875 0.646875 0.01328125 0.00859375
0 0.3734375 0.6015625 0.01171875 0.009375
0 0.40078125 0.61171875 0.0203125 0.01015625
0 0.11640625 0.56328125 0.01171875 0.00859375
0 0.6765625 0.32109375 0.0125 0.0109375
0 0.71640625 0.30625 0.01328125 0.0078125
0 0.71796875 0.3 0.009375 0.00703125
0 0.73046875 0.303125 0.0109375 0.009375
0 0.78984375 0.25703125 0.0171875 0.0140625
0 0.35 0.48125 0.0078125 0.00859375
0 0.43359375 0.55390625 0.009375 0.00625
0 0.43203125 0.546875 0.01015625 0.00625
0 0.8765625 0.6328125 0.0109375 0.01171875
0 0.63359375 0.23359375 0.0109375 0.0078125
0 0.634375 0.2078125 0.01171875 0.01015625
0 0.878125 0.04296875 0.00625 0.00625
0 0.87890625 0.03515625 0.01015625 0.0078125
0 0.86953125 0.040625 0.00859375 0.00859375
0 0.8375 0.025 0.0109375 0.009375
0 0.8453125 0.0203125 0.0109375 0.00625
0 0.7484375 0.103125 0.00859375 0.00625
0 0.609375 0.15 0.0078125 0.00703125
0 0.58203125 0.1359375 0.0109375 0.00703125