0 0.65 0.5171875 0.009375 0.009375
0 0.6421875 0.5125 0.00625 0.0125
0 0.6484375 0.50859375 0.0125 0.0125
0 0.6828125 0.4265625 0.00625 0.009375
0 0.5265625 0.40703125 0.009375 0.0125
0 0.5359375 0.4046875 0.0125 0.0078125
0 0.5328125 0.396875 0.009375 0.009375
0 0.5234375 0.39296875 0.0109375 0.009375
0 0.534375 0.384375 0.00625 0.009375
0 0.5234375 0.38359375 0.009375 0.0078125
0 0.52265625 0.37421875 0.009375 0.009375
0 0.496875 0.3859375 0.0078125 0.0125
0 0.51171875 0.3625 0.009375 0.009375
0 0.5078125 0.3546875 0.009375 0.009375
0 0.5328125 0.3578125 0.00625 0.009375
0 0.5328125 0.34375 0.0109375 0.015625
0 0.55390625 0.34453125 0.009375 0.0125
0 0.46171875 0.32265625 0.009375 0.009375
0 0.63125 0.0859375 0.0140625 0.015625
0 0.7109375 0.3640625 0.0109375 0.0125
0 0.646875 0.68828125 0.009375 0.0125
0 0.6015625 0.6265625 0.009375 0.0125
0 0.61171875 0.59921875 0.009375 0.0203125
0 0.56328125 0.88359375 0.009375 0.0125
0 0.32109375 0.3234375 0.0109375 0.0125
0 0.30625 0.28359375 0.0078125 0.0125
0 0.3 0.28203125 0.00625 0.009375
0 0.303125 0.26953125 0.009375 0.0109375
0 0.25703125 0.21015625 0.0140625 0.0171875
0 0.48125 0.65 0.009375 0.0078125
0 0.55390625 0.56640625 0.00625 0.009375
0 0.546875 0.56796875 0.00625 0.009375
0 0.6328125 0.1234375 0.0125 0.0109375
0 0.23359375 0.36640625 0.0078125 0.0109375
0 0.2078125 0.365625 0.009375 0.0125
0 0.04296875 0.121875 0.00625 0.00625
0 0.03515625 0.12109375 0.0078125 0.009375
0 0.040625 0.13046875 0.009375 0.009375
0 0.025 0.1625 0.009375 0.0109375
0 0.0203125 0.1546875 0.00625 0.0109375
0 0.103125 0.2515625 0.00625 0.009375
0 0.15 0.390625 0.00625 0.0078125
0 0.1359375 0.41796875 0.00625 0.0109375