0 0.09296875 0.07890625 0.0640625 0.0484375
0 0.18984375 0.14375 0.065625 0.05625
0 0.20703125 0.18671875 0.053125 0.05
0 0.16171875 0.1796875 0.05546875 0.05
0 0.5421875 0.31171875 0.08671875 0.07734375
0 0.353125 0.1328125 0.053125 0.0421875
0 0.421875 0.37890625 0.0734375 0.0765625
0 0.45546875 0.42109375 0.07109375 0.071875
0 0.52265625 0.3953125 0.08203125 0.07109375
0 0.5328125 0.4546875 0.0890625 0.08046875
0 0.965625 0.7046875 0.06875 0.0796875
0 0.3421875 0.87734375 0.0484375 0.0390625
0 0.984375 0.96015625 0.03125 0.03125
0 0.9765625 0.9921875 0.046875 0.015625
0 0.5953125 0.6703125 0.05546875 0.0578125