0 0.4453125 0.5125 0.10078125 0.06484375
0 0.51953125 0.5203125 0.07734375 0.08203125
0 0.37421875 0.575 0.07109375 0.09921875
0 0.3640625 0.609375 0.10546875 0.06796875
0 0.734375 0.40546875 0.10859375 0.07890625
0 0.78125 0.24921875 0.0953125 0.10234375
0 0.85625 0.15703125 0.115625 0.0625
0 0.6015625 0.09296875 0.0984375 0.07734375
0 0.5765625 0.02890625 0.09609375 0.0578125
0 0.4765625 0.10859375 0.10390625 0.078125
0 0.31328125 0.28203125 0.10390625 0.0890625
0 0.06015625 0.05625 0.096875 0.10078125
0 0.23203125 0.28125 0.10546875 0.07734375
0 0.39609375 0.3078125 0.06875 0.08125
0 0.4765625 0.30234375 0.09765625 0.0921875
0 0.5546875 0.30546875 0.08125 0.09765625
0 0.58359375 0.28828125 0.12734375 0.09375
0 0.46171875 0.3953125 0.12734375 0.08125
1 0.5 0.5 0.1 0.1