0 0.4453125 0.5125 0.1 0.065625
0 0.5203125 0.5203125 0.078125 0.08203125
0 0.37421875 0.57421875 0.07109375 0.1
0 0.3640625 0.609375 0.1046875 0.06875
0 0.73359375 0.40546875 0.109375 0.078125
0 0.78203125 0.24921875 0.09609375 0.1015625
0 0.85625 0.1578125 0.115625 0.06171875
0 0.6015625 0.0921875 0.09765625 0.0765625
0 0.5765625 0.02890625 0.09609375 0.05703125
0 0.4765625 0.10859375 0.1046875 0.078125
0 0.31328125 0.28203125 0.1046875 0.08984375
0 0.06015625 0.05625 0.09765625 0.1015625
0 0.2328125 0.28203125 0.1046875 0.0765625
0 0.39609375 0.3078125 0.06875 0.08203125
0 0.4765625 0.30234375 0.09765625 0.09140625
0 0.5546875 0.30546875 0.08203125 0.09765625
0 0.58359375 0.28828125 0.1265625 0.09296875
0 0.4625 0.3953125 0.1265625 0.08203125
1 0.5 0.5 0.1 0.1