0 0.16484375 0.49296875 0.096875 0.134375
0 0.38359375 0.61015625 0.1125 0.11875
0 0.34609375 0.68125 0.096875 0.09375
0 0.45078125 0.42421875 0.1 0.115625
0 0.559375 0.4515625 0.0796875 0.090625
0 0.74765625 0.125 0.071875 0.084375
0 0.6765625 0.3453125 0.075 0.096875
0 0.6421875 0.38359375 0.05 0.071875
0 0.6265625 0.49609375 0.084375 0.09375
0 0.73828125 0.43515625 0.0671875 0.0671875
0 0.70859375 0.653125 0.059375 0.075
0 0.88984375 0.82109375 0.0828125 0.0953125
0 0.659375 0.5109375 0.0828125 0.10625