0 0.16640625 0.4453125 0.09375 0.128125
0 0.37421875 0.55625 0.10625 0.1125
0 0.3390625 0.62421875 0.090625 0.0875
0 0.4390625 0.3796875 0.09375 0.1109375
0 0.5421875 0.40625 0.075 0.084375
0 0.72109375 0.09453125 0.06875 0.08125
0 0.65390625 0.3046875 0.071875 0.09375
0 0.6203125 0.340625 0.0484375 0.06875
0 0.60625 0.44765625 0.08125 0.0875
0 0.7125 0.38984375 0.0640625 0.0640625
0 0.684375 0.59765625 0.05625 0.071875
0 0.85703125 0.75703125 0.078125 0.090625
0 0.6375 0.4625 0.078125 0.1015625