2 0.3734375 0.20546875 0.121875 0.165625
2 0.490625 0.16171875 0.11171875 0.1390625
2 0.6015625 0.20859375 0.109375 0.15546875
2 0.69765625 0.19609375 0.06796875 0.18359375
2 0.75546875 0.34453125 0.08671875 0.165625
2 0.8015625 0.4828125 0.084375 0.1765625
2 0.78828125 0.65078125 0.1 0.14453125
2 0.7390625 0.77578125 0.13984375 0.10078125
2 0.60859375 0.85703125 0.1234375 0.1046875
2 0.48515625 0.878125 0.10859375 0.13828125
2 0.35546875 0.81796875 0.11015625 0.13359375
2 0.2921875 0.66875 0.0953125 0.15859375
2 0.2765625 0.5 0.0828125 0.15234375
2 0.32734375 0.37734375 0.125 0.1453125
2 0.53828125 0.52109375 0.146875 0.1515625