0 0.56640625 0.18828125 0.19609375 0.20078125
0 0.4390625 0.18984375 0.14375 0.1375
0 0.30234375 0.40625 0.20859375 0.21796875
0 0.44375 0.5296875 0.21640625 0.175
0 0.2703125 0.621875 0.1859375 0.22109375
0 0.39609375 0.778125 0.215625 0.2203125
0 0.5359375 0.85546875 0.21796875 0.18828125
0 0.646875 0.68671875 0.15546875 0.24765625
0 0.53359375 0.67578125 0.2046875 0.1625
0 0.615625 0.52421875 0.184375 0.21015625
0 0.7265625 0.49765625 0.20859375 0.18984375
0 0.634375 0.35234375 0.2015625 0.19609375
0 0.471875 0.35703125 0.2 0.20625