0 0.28828125 0.665625 0.165625 0.134375
0 0.3234375 0.0453125 0.084375 0.090625
0 0.35234375 0.10078125 0.084375 0.1046875
0 0.3890625 0.5546875 0.1484375 0.1265625
0 0.475 0.72265625 0.15 0.1375
0 0.64921875 0.73046875 0.1421875 0.2046875
0 0.63828125 0.5015625 0.140625 0.1375
0 0.6125 0.371875 0.121875 0.125
0 0.309375 0.77265625 0.14375 0.1171875
0 0.76328125 0.6453125 0.1375 0.134375
0 0.8203125 0.57734375 0.1484375 0.13125
0 0.86328125 0.4625 0.134375 0.1078125
0 0.940625 0.1140625 0.11875 0.103125
0 0.52109375 0.24609375 0.0671875 0.090625
0 0.61875 0.28515625 0.1015625 0.11875
0 0.17890625 0.2640625 0.109375 0.1203125
0 0.34296875 0.465625 0.1 0.071875
0 0.29765625 0.54453125 0.115625 0.096875
1 0.5 0.5 0.1 0.1