0 0.4234375 0.75234375 0.1171875 0.0875
0 0.38515625 0.69375 0.134375 0.0953125
0 0.34296875 0.653125 0.096875 0.1
0 0.2734375 0.6234375 0.1609375 0.0828125
0 0.2578125 0.5453125 0.109375 0.0875
0 0.78515625 0.53359375 0.0828125 0.0640625
0 0.94453125 0.51328125 0.109375 0.0828125
0 0.9546875 0.340625 0.090625 0.0734375
0 0.7234375 0.32890625 0.15625 0.0734375
0 0.85 0.3390625 0.103125 0.1
0 0.80390625 0.434375 0.125 0.0703125
0 0.8 0.259375 0.090625 0.0890625
0 0.8921875 0.23828125 0.140625 0.09375
0 0.73359375 0.24765625 0.096875 0.121875
0 0.8421875 0.4828125 0.1140625 0.0953125
0 0.94765625 0.22890625 0.1046875 0.078125
1 0.5 0.5 0.1 0.1