0 0.0140625 0.94921875 0.028125 0.053125
0 0.021875 0.98359375 0.04375 0.0328125
0 0.2375 0.85 0.034375 0.040625
0 0.34609375 0.64140625 0.05 0.0765625
0 0.3859375 0.74453125 0.05625 0.0625
0 0.40703125 0.64296875 0.05625 0.0625
0 0.41796875 0.70546875 0.05 0.040625
0 0.43515625 0.62890625 0.046875 0.0515625
0 0.4953125 0.5515625 0.025 0.028125
0 0.52734375 0.6 0.0375 0.03125
0 0.56640625 0.3375 0.040625 0.0390625
0 0.6765625 0.8078125 0.028125 0.034375
0 0.7890625 0.84765625 0.0234375 0.04375
0 0.79765625 0.88359375 0.034375 0.0453125
0 0.89140625 0.64375 0.0234375 0.01875
0 0.875 0.47578125 0.021875 0.021875
0 0.82265625 0.42734375 0.025 0.0234375
0 0.66015625 0.33828125 0.028125 0.03125
0 0.65546875 0.31015625 0.028125 0.0296875
0 0.49375 0.55390625 0.0203125 0.028125
0 0.6328125 0.34296875 0.021875 0.03125
0 0.765625 0.375 0.015625 0.0265625