0 0.3875 0.346875 0.040625 0.0375
0 0.61171875 0.40859375 0.0328125 0.046875
0 0.62109375 0.22421875 0.0390625 0.0375
0 0.69609375 0.46953125 0.0578125 0.03125
0 0.67734375 0.43203125 0.0375 0.03125
0 0.21328125 0.30625 0.053125 0.040625
0 0.3296875 0.3 0.0453125 0.0375
0 0.35078125 0.3578125 0.028125 0.03125
0 0.5625 0.3375 0.03125 0.034375
0 0.59296875 0.3703125 0.04375 0.0375
0 0.0921875 0.4625 0.04375 0.0453125
0 0.14140625 0.44609375 0.03125 0.040625
0 0.42578125 0.47265625 0.0453125 0.034375
0 0.63125 0.58359375 0.028125 0.05
0 0.6578125 0.565625 0.05 0.053125
1 0.5 0.5 0.1 0.1