0 0.065625 0.63671875 0.06171875 0.0984375
0 0.3234375 0.7046875 0.06328125 0.1265625
0 0.44765625 0.83984375 0.053125 0.11796875
0 0.1765625 0.84609375 0.05390625 0.1171875
0 0.0265625 0.7015625 0.04609375 0.1234375
0 0.23359375 0.23515625 0.071875 0.11015625
0 0.0546875 0.3515625 0.03359375 0.0765625
0 0.12265625 0.4515625 0.0421875 0.08203125
0 0.50078125 0.19765625 0.05234375 0.10703125
0 0.47578125 0.371875 0.05078125 0.1
0 0.52734375 0.3125 0.0453125 0.0984375
0 0.6 0.3046875 0.03984375 0.08828125
0 0.68125 0.37578125 0.05390625 0.07734375
0 0.51796875 0.475 0.04296875 0.084375
0 0.4734375 0.46484375 0.04609375 0.07890625
0 0.39453125 0.52421875 0.0421875 0.103125
0 0.47421875 0.559375 0.04765625 0.08359375
0 0.825 0.41171875 0.046875 0.06953125
1 0.5 0.5 0.1 0.1