0 0.6453125 0.9640625 0.103125 0.0640625
0 0.715625 0.696875 0.13125 0.065625
0 0.85625 0.56796875 0.121875 0.05625
0 0.8625 0.84921875 0.121875 0.05625
0 0.7109375 0.990625 0.1265625 0.01875
0 0.22734375 0.78984375 0.115625 0.075
0 0.34765625 0.97578125 0.0796875 0.0359375
0 0.45234375 0.9046875 0.084375 0.04375
0 0.18828125 0.51328125 0.1109375 0.053125
0 0.36875 0.53828125 0.103125 0.053125
0 0.3078125 0.48515625 0.103125 0.046875
0 0.29921875 0.41015625 0.0921875 0.040625
0 0.3734375 0.32578125 0.08125 0.05625
0 0.4765625 0.49453125 0.0875 0.04375
0 0.465625 0.540625 0.08125 0.046875
0 0.528125 0.62265625 0.1078125 0.04375
0 0.5640625 0.540625 0.0875 0.05
0 0.4109375 0.1765625 0.071875 0.05
1 0.5 0.5 0.1 0.1