0 0.53671875 0.7390625 0.1375 0.14375
0 0.45859375 0.615625 0.1640625 0.175
0 0.36015625 0.61328125 0.11875 0.159375
0 0.7515625 0.5875 0.10625 0.1203125
0 0.56015625 0.4421875 0.065625 0.0609375
0 0.51484375 0.36640625 0.09375 0.096875
0 0.50859375 0.26875 0.09375 0.1
0 0.44296875 0.21640625 0.08125 0.1109375
0 0.4296875 0.2953125 0.065625 0.096875
0 0.31328125 0.22109375 0.0875 0.109375
0 0.2609375 0.21875 0.06875 0.1140625
0 0.1765625 0.08984375 0.0734375 0.1015625
0 0.015625 0.21953125 0.03125 0.0703125
0 0.8046875 0.265625 0.096875 0.1125