0 0.25 0.46171875 0.125 0.11875
0 0.35703125 0.39375 0.1515625 0.1421875
0 0.35859375 0.30859375 0.1390625 0.103125
0 0.38125 0.64765625 0.103125 0.09375
0 0.50703125 0.48125 0.053125 0.0578125
0 0.57265625 0.4421875 0.0828125 0.08125
0 0.65703125 0.43671875 0.0859375 0.08125
0 0.70234375 0.38046875 0.096875 0.0703125
0 0.634375 0.36875 0.0828125 0.0578125
0 0.6984375 0.26875 0.09375 0.0765625
0 0.70078125 0.22265625 0.1 0.059375
0 0.8125 0.14921875 0.0875 0.0640625
0 0.69921875 0.01171875 0.0609375 0.0234375
0 0.659375 0.69296875 0.096875 0.084375