0 0.0484375 0.2328125 0.09453125 0.1515625
0 0.028125 0.36796875 0.05390625 0.12890625
0 0.05625 0.43046875 0.0765625 0.17890625
0 0.03125 0.51015625 0.06015625 0.1484375
0 0.13828125 0.3734375 0.09296875 0.22890625
0 0.09296875 0.30859375 0.07734375 0.10703125
0 0.10859375 0.06484375 0.0765625 0.1125
0 0.1875 0.0625 0.08359375 0.12109375
0 0.18359375 0.17578125 0.11640625 0.15859375
0 0.209375 0.3 0.0828125 0.1
0 0.215625 0.4109375 0.08046875 0.18203125
0 0.27421875 0.0546875 0.084375 0.10546875
0 0.275 0.17265625 0.0828125 0.15859375
0 0.3609375 0.15 0.0890625 0.15703125
0 0.4359375 0.08203125 0.11015625 0.1609375
0 0.29140625 0.36640625 0.08046875 0.16796875
0 0.103125 0.5671875 0.0796875 0.15859375
0 0.178125 0.57421875 0.08671875 0.11640625
0 0.171875 0.65 0.0890625 0.11796875
0 0.115625 0.7515625 0.10234375 0.125
0 0.0375 0.80390625 0.07265625 0.125
0 0.1015625 0.8796875 0.06640625 0.13046875
0 0.18671875 0.84765625 0.10625 0.20859375
0 0.25234375 0.71015625 0.09453125 0.15546875
0 0.25625 0.5765625 0.07578125 0.12890625
0 0.3859375 0.4390625 0.09609375 0.2390625
0 0.30234375 0.50234375 0.08984375 0.13046875
0 0.4609375 0.26171875 0.07109375 0.15546875
0 0.38203125 0.30234375 0.11328125 0.13046875
0 0.4765625 0.39296875 0.09765625 0.1390625
0 0.47734375 0.49921875 0.109375 0.14453125
0 0.61875 0.06015625 0.0875 0.11640625
0 0.5359375 0.0515625 0.0921875 0.1
0 0.4859375 0.14921875 0.07578125 0.1125
0 0.5390625 0.24921875 0.0890625 0.14453125
0 0.55390625 0.35078125 0.0796875 0.16640625
0 0.75625 0.10078125 0.09609375 0.1984375
0 0.79453125 0.8078125 0.0828125 0.1765625
0 0.73125 0.8640625 0.06953125 0.12890625
0 0.6953125 0.17578125 0.084375 0.15859375
0 0.6109375 0.1953125 0.084375 0.14453125
0 0.6671875 0.2734375 0.0640625 0.14296875
0 0.61953125 0.33359375 0.06640625 0.11796875
0 0.91953125 0.08359375 0.09375 0.1640625
0 0.92421875 0.24140625 0.07578125 0.15390625
0 0.8078125 0.27578125 0.09921875 0.14453125
0 0.7421875 0.33046875 0.065625 0.13203125
0 0.70078125 0.4046875 0.0875 0.1265625
0 0.9734375 0.06328125 0.053125 0.1234375
0 0.92109375 0.35703125 0.09296875 0.11796875
0 0.80546875 0.4109375 0.1203125 0.12890625
0 0.87265625 0.47265625 0.0859375 0.1375
0 0.9578125 0.47578125 0.08359375 0.21953125
0 0.61640625 0.4453125 0.10625 0.1234375
0 0.56796875 0.52265625 0.096875 0.1375
0 0.70625 0.5359375 0.1171875 0.1390625
0 0.8265625 0.5546875 0.08984375 0.1375
0 0.62890625 0.60234375 0.05703125 0.15859375
0 0.3625 0.6703125 0.09609375 0.19453125
0 0.90234375 0.65859375 0.08984375 0.1609375
0 0.81875 0.67109375 0.08125 0.15
0 0.75234375 0.6171875 0.08125 0.1125
0 0.7390625 0.70625 0.0765625 0.14453125
0 0.65625 0.75390625 0.09375 0.14296875
0 0.55546875 0.66015625 0.11640625 0.16640625
0 0.4609375 0.65703125 0.07578125 0.17890625
0 0.42265625 0.78515625 0.0765625 0.1734375
0 0.5078125 0.80390625 0.09609375 0.125
0 0.340625 0.8515625 0.09375 0.1640625
0 0.2921875 0.82890625 0.0578125 0.14296875
0 0.2578125 0.90390625 0.0625 0.10390625
0 0.10390625 0.9640625 0.096875 0.07109375
0 0.0328125 0.97421875 0.06328125 0.0515625
0 0.35625 0.96875 0.0796875 0.0625
0 0.4609375 0.87578125 0.10546875 0.15546875
0 0.47578125 0.96875 0.090625 0.0625
0 0.55546875 0.91875 0.09296875 0.1625
0 0.62578125 0.97734375 0.09296875 0.04453125
0 0.64921875 0.9015625 0.096875 0.15390625
0 0.8109375 0.9703125 0.08046875 0.05859375
0 0.73515625 0.9703125 0.084375 0.05859375
0 0.86953125 0.95234375 0.0875 0.09453125
0 0.9390625 0.7875 0.10703125 0.14609375
0 0.87421875 0.78828125 0.07265625 0.1265625
0 0.81953125 0.89765625 0.1140625 0.13046875
0 0.96953125 0.925 0.06015625 0.15
0 0.9140625 0.9125 0.06875 0.12109375
0 0.98125 0.2109375 0.03671875 0.17890625