0 0.51796875 0.46171875 0.9625 0.5875
0 0.603125 0.4296875 0.2515625 0.275
0 0.728125 0.615625 0.2796875 0.23125
0 0.45859375 0.575 0.321875 0.346875
0 0.28125 0.48046875 0.421875 0.2875
0 0.86953125 0.48984375 0.259375 0.3875
0 0.64453125 0.25625 0.24375 0.165625
0 0.43828125 0.3203125 0.2375 0.2125
0 0.3078125 0.3671875 0.1328125 0.1484375
0 0.24921875 0.625 0.21875 0.215625
0 0.4703125 0.653125 0.221875 0.2125
0 0.89765625 0.59453125 0.2046875 0.2125
0 0.94765625 0.49453125 0.1046875 0.1890625
0 0.81328125 0.44765625 0.1609375 0.196875
0 0.921875 0.38203125 0.15625 0.1453125