0 0.5359375 0.190625 0.1046875 0.1
0 0.465625 0.49375 0.078125 0.071875
0 0.403125 0.6046875 0.084375 0.059375
0 0.57890625 0.56953125 0.09375 0.0625
0 0.59609375 0.6328125 0.1171875 0.078125
0 0.63125 0.69453125 0.1 0.096875
0 0.51484375 0.61015625 0.0484375 0.0484375
0 0.52265625 0.67734375 0.13125 0.096875
0 0.440625 0.753125 0.059375 0.0546875
0 0.34375 0.75625 0.0625 0.06875
0 0.21875 0.75078125 0.090625 0.065625
0 0.27109375 0.7171875 0.078125 0.04375
0 0.40703125 0.78515625 0.10625 0.075
0 0.26015625 0.49609375 0.0671875 0.06875
0 0.40234375 0.47265625 0.075 0.065625
0 0.6578125 0.32734375 0.0828125 0.075
0 0.16015625 0.246875 0.0515625 0.034375
0 0.10625 0.2375 0.0515625 0.034375
0 0.1890625 0.99140625 0.03125 0.0171875
0 0.17890625 0.27578125 0.0359375 0.025
0 0.0296875 0.5703125 0.059375 0.04375