0 0.5390625 0.140625 0.1046875 0.1
0 0.46796875 0.44609375 0.078125 0.071875
0 0.40546875 0.55703125 0.084375 0.059375
0 0.58203125 0.521875 0.0921875 0.0625
0 0.59921875 0.5859375 0.1171875 0.078125
0 0.63515625 0.64765625 0.1 0.096875
0 0.5171875 0.5625 0.0484375 0.05
0 0.525 0.6296875 0.13125 0.096875
0 0.08671875 0.97890625 0.0515625 0.0421875
0 0.44296875 0.70625 0.0578125 0.05625
0 0.3453125 0.70859375 0.0625 0.0703125
0 0.21953125 0.70390625 0.090625 0.065625
0 0.27265625 0.6703125 0.078125 0.04375
0 0.409375 0.73828125 0.10625 0.0734375
0 0.26171875 0.44765625 0.0671875 0.06875
0 0.40390625 0.42421875 0.075 0.0640625
0 0.66171875 0.278125 0.08125 0.075
0 0.16015625 0.196875 0.053125 0.034375
0 0.10625 0.1875 0.053125 0.034375
0 0.190625 0.9578125 0.03125 0.040625
0 0.1796875 0.2265625 0.0359375 0.025
0 0.03046875 0.5234375 0.059375 0.04375