0 0.56484375 0.17734375 0.096875 0.090625
0 0.03125 0.490625 0.0625 0.059375
0 0.04453125 0.55 0.071875 0.075
0 0.5 0.45546875 0.071875 0.065625
0 0.44296875 0.55625 0.078125 0.0546875
0 0.60390625 0.52421875 0.084375 0.05625
0 0.61953125 0.5828125 0.10625 0.071875
0 0.6515625 0.63828125 0.090625 0.0875
0 0.54453125 0.5609375 0.04375 0.04375
0 0.5515625 0.62265625 0.121875 0.0875
0 0.153125 0.94296875 0.0484375 0.040625
0 0.47734375 0.69296875 0.053125 0.05
0 0.38828125 0.6953125 0.0578125 0.0625
0 0.27421875 0.690625 0.084375 0.059375
0 0.32265625 0.659375 0.071875 0.040625
0 0.446875 0.721875 0.096875 0.06875
0 0.31171875 0.45703125 0.0609375 0.0625
0 0.4421875 0.43515625 0.06875 0.059375
0 0.67578125 0.30234375 0.075 0.06875
0 0.2203125 0.22890625 0.046875 0.03125
0 0.17109375 0.2203125 0.046875 0.03125
0 0.24765625 0.92109375 0.028125 0.0359375
0 0.2375 0.25546875 0.0328125 0.0234375
0 0.1015625 0.5265625 0.05625 0.0390625