0 0.56328125 0.17421875 0.096875 0.090625
0 0.02890625 0.48828125 0.0578125 0.0609375
0 0.040625 0.54921875 0.071875 0.075
0 0.4984375 0.453125 0.071875 0.065625
0 0.440625 0.55546875 0.078125 0.05625
0 0.603125 0.52265625 0.084375 0.05625
0 0.61875 0.58125 0.1078125 0.071875
0 0.65078125 0.6375 0.090625 0.0875
0 0.54375 0.56015625 0.04375 0.04375
0 0.55078125 0.621875 0.121875 0.0875
0 0.14921875 0.94375 0.05 0.040625
0 0.47578125 0.6921875 0.053125 0.05
0 0.3859375 0.69453125 0.059375 0.0625
0 0.27109375 0.68984375 0.084375 0.059375
0 0.31953125 0.659375 0.071875 0.040625
0 0.44453125 0.721875 0.0984375 0.06875
0 0.309375 0.4546875 0.0625 0.0625
0 0.43984375 0.43359375 0.06875 0.059375
0 0.67578125 0.3 0.075 0.06875
0 0.21640625 0.22578125 0.046875 0.03125
0 0.16796875 0.21640625 0.046875 0.03125
0 0.24453125 0.92265625 0.028125 0.0375
0 0.234375 0.25234375 0.034375 0.0234375
0 0.09765625 0.525 0.05625 0.040625