0 0.5625 0.178125 0.09453125 0.090625
0 0.03203125 0.4890625 0.0640625 0.05859375
0 0.04609375 0.5484375 0.0703125 0.07265625
0 0.4984375 0.45390625 0.0703125 0.06484375
0 0.44140625 0.5546875 0.07578125 0.0546875
0 0.6015625 0.52265625 0.08359375 0.05625
0 0.6171875 0.58046875 0.10625 0.07109375
0 0.64921875 0.6359375 0.08984375 0.0875
0 0.54296875 0.559375 0.04375 0.04453125
0 0.55 0.6203125 0.11953125 0.0875
0 0.15390625 0.93828125 0.04765625 0.040625
0 0.47578125 0.68984375 0.05234375 0.05
0 0.3875 0.6921875 0.05703125 0.06328125
0 0.27421875 0.6875 0.08203125 0.05859375
0 0.321875 0.65703125 0.0703125 0.040625
0 0.4453125 0.71875 0.096875 0.06640625
0 0.31171875 0.45546875 0.0609375 0.06171875
0 0.440625 0.434375 0.0671875 0.05859375
0 0.6734375 0.30234375 0.07421875 0.0671875
0 0.2203125 0.22890625 0.046875 0.03046875
0 0.171875 0.2203125 0.046875 0.03046875
0 0.24765625 0.9171875 0.028125 0.0359375
0 0.2375 0.25546875 0.0328125 0.02265625
0 0.10234375 0.525 0.05625 0.0390625