0 0.1859375 0.45703125 0.096875 0.1015625
0 0.57890625 0.984375 0.078125 0.03125
0 0.47890625 0.525 0.06875 0.075
0 0.58671875 0.5859375 0.0578125 0.08125
0 0.55234375 0.415625 0.059375 0.090625
0 0.6140625 0.3984375 0.0765625 0.1125
0 0.67265625 0.36484375 0.09375 0.096875
0 0.59140625 0.47734375 0.046875 0.046875
0 0.65625 0.4703125 0.09375 0.128125
0 0.9859375 0.89140625 0.028125 0.0515625
0 0.7296875 0.54921875 0.053125 0.05625
0 0.7328125 0.64296875 0.065625 0.0625
0 0.72734375 0.76328125 0.0625 0.0875
0 0.6953125 0.7125 0.04375 0.075
0 0.7609375 0.58125 0.071875 0.103125
0 0.48125 0.7234375 0.065625 0.065625
0 0.45859375 0.58671875 0.0625 0.071875
0 0.31796875 0.3390625 0.071875 0.0796875
0 0.23984375 0.8203125 0.034375 0.05
0 0.23125 0.871875 0.034375 0.05
0 0.971875 0.79140625 0.0375 0.0296875
0 0.26796875 0.80234375 0.025 0.0359375
0 0.5546875 0.94609375 0.040625 0.059375