0 0.43515625 0.5 0.5734375 1
0 0.4046875 0.45234375 0.26875 0.246875
0 0.58515625 0.33046875 0.225 0.271875
0 0.54609375 0.59296875 0.340625 0.3140625
0 0.45390625 0.76640625 0.2796875 0.4109375
0 0.4625 0.159375 0.378125 0.31875
0 0.234375 0.4125 0.1625 0.2390625
0 0.296875 0.61328125 0.2078125 0.23125
0 0.34296875 0.740625 0.1453125 0.1296875
0 0.59453125 0.79765625 0.2125 0.2125
0 0.621875 0.58203125 0.2078125 0.215625
0 0.56484375 0.1640625 0.2078125 0.2015625
0 0.4671875 0.08359375 0.184375 0.1671875
0 0.421875 0.24765625 0.190625 0.15625
0 0.3578125 0.1390625 0.140625 0.153125