0 0.4484375 0.45234375 0.465625 0.4125
0 0.53515625 0.64140625 0.2921875 0.2234375
0 0.5296875 0.5015625 0.2921875 0.521875
0 0.35078125 0.49765625 0.2140625 0.490625
0 0.46875 0.3609375 0.453125 0.23125
0 0.48671875 0.621875 0.365625 0.2765625
0 0.5328125 0.546875 0.184375 0.1109375
0 0.52109375 0.6078125 0.1765625 0.1109375
0 0.53359375 0.43984375 0.171875 0.128125
0 0.66640625 0.4296875 0.0921875 0.1125
0 0.67578125 0.5421875 0.1015625 0.1203125
0 0.6328125 0.64453125 0.13125 0.1046875
0 0.57890625 0.68125 0.16875 0.0796875
0 0.48984375 0.71640625 0.1046875 0.075
0 0.43046875 0.65625 0.1375 0.1
0 0.34921875 0.653125 0.1109375 0.071875
0 0.2984375 0.6 0.15625 0.0984375
0 0.27578125 0.51328125 0.1796875 0.1109375
0 0.31171875 0.41015625 0.14375 0.1375
0 0.3828125 0.29296875 0.15625 0.0890625
0 0.61328125 0.334375 0.121875 0.0890625
0 0.45390625 0.353125 0.140625 0.0796875
0 0.55078125 0.29140625 0.1375 0.0796875