2 0.54375 0.44609375 0.40625 0.4578125
2 0.3578125 0.53125 0.2203125 0.2875
2 0.4953125 0.52578125 0.5140625 0.2875
2 0.49921875 0.35 0.4828125 0.2109375
2 0.63359375 0.46640625 0.2265625 0.4453125
2 0.3765625 0.48359375 0.271875 0.3609375
2 0.45078125 0.52890625 0.109375 0.18125
2 0.390625 0.51796875 0.109375 0.1734375
2 0.55625 0.5296875 0.125 0.1703125
2 0.56640625 0.6609375 0.1109375 0.090625
2 0.45546875 0.66953125 0.11875 0.1
2 0.3546875 0.62734375 0.103125 0.1296875
2 0.31875 0.57421875 0.078125 0.1671875
2 0.28359375 0.48671875 0.0734375 0.103125
2 0.34296875 0.428125 0.0984375 0.134375
2 0.34609375 0.3484375 0.0703125 0.109375
2 0.3984375 0.2984375 0.096875 0.1546875
2 0.48359375 0.27578125 0.109375 0.1765625
2 0.58515625 0.31171875 0.1359375 0.140625
2 0.70078125 0.38125 0.0875 0.1546875
2 0.66015625 0.60859375 0.0875 0.1203125
2 0.64140625 0.4515625 0.078125 0.1390625
2 0.70234375 0.546875 0.078125 0.134375