0 0.37578125 0.3609375 0.0765625 0.0625
0 0.41171875 0.4109375 0.0765625 0.0828125
0 0.62265625 0.3671875 0.04375 0.071875
0 0.66484375 0.3265625 0.071875 0.05625
0 0.50546875 0.48359375 0.0859375 0.0765625
0 0.6859375 0.52421875 0.059375 0.0828125
0 0.6234375 0.55078125 0.08125 0.090625
0 0.5671875 0.61171875 0.0796875 0.084375
0 0.66953125 0.6875 0.05625 0.084375
0 0.78515625 0.7328125 0.05625 0.0921875
0 0.6 0.65234375 0.059375 0.046875
0 0.61328125 0.728125 0.06875 0.071875
0 0.646875 0.74765625 0.053125 0.071875
1 0.5 0.5 0.1 0.1