0 0.3796875 0.63125 0.0640625 0.078125
0 0.43125 0.59375 0.084375 0.078125
0 0.38671875 0.3765625 0.0734375 0.046875
0 0.34375 0.33359375 0.059375 0.075
0 0.50546875 0.49765625 0.078125 0.0875
0 0.5484375 0.31171875 0.084375 0.0625
0 0.575 0.37578125 0.09375 0.084375
0 0.63828125 0.43359375 0.0875 0.08125
0 0.715625 0.328125 0.0875 0.05625
0 0.7625 0.21015625 0.09375 0.059375
0 0.6796875 0.4 0.046875 0.0625
0 0.75703125 0.38671875 0.075 0.0703125
0 0.778125 0.35234375 0.0734375 0.05625
1 0.5 0.5 0.1 0.1