2 0.37578125 0.36796875 0.075 0.0609375
2 0.41171875 0.4171875 0.075 0.08125
2 0.61953125 0.37421875 0.04375 0.0703125
2 0.6609375 0.33359375 0.071875 0.05625
2 0.50390625 0.48828125 0.084375 0.075
2 0.68125 0.52890625 0.059375 0.08125
2 0.6203125 0.5546875 0.0796875 0.0890625
2 0.56484375 0.61484375 0.078125 0.0828125
2 0.665625 0.6890625 0.0546875 0.0828125
2 0.77890625 0.73359375 0.05625 0.090625
2 0.596875 0.6546875 0.059375 0.0453125
2 0.61015625 0.72890625 0.0671875 0.071875
2 0.64296875 0.7484375 0.053125 0.0703125
1 0.5 0.5 0.1 0.1