0 0.11171875 0.190625 0.0953125 0.1109375
0 0.18359375 0.27421875 0.103125 0.13125
0 0.25390625 0.384375 0.1125 0.0953125
0 0.35859375 0.3796875 0.1421875 0.1015625
0 0.5 0.33359375 0.09375 0.103125
0 0.39375 0.33359375 0.10625 0.0828125
0 0.653125 0.44921875 0.075 0.13125
0 0.58203125 0.44140625 0.096875 0.1203125
0 0.3890625 0.4703125 0.1078125 0.09375
0 0.5140625 0.496875 0.1203125 0.125
0 0.384375 0.5921875 0.0921875 0.1296875
0 0.41328125 0.62421875 0.103125 0.1234375
0 0.33671875 0.5984375 0.0515625 0.0953125
0 0.49375 0.6875 0.128125 0.1203125
0 0.59296875 0.696875 0.0796875 0.10625
0 0.71953125 0.76015625 0.09375 0.10625
0 0.81484375 0.76875 0.065625 0.0765625
0 0.91171875 0.67578125 0.1046875 0.1046875
0 0.82890625 0.61484375 0.1203125 0.10625
0 0.91171875 0.55546875 0.0609375 0.05
0 0.68515625 0.5859375 0.1046875 0.103125
0 0.5234375 0.571875 0.153125 0.1140625
0 0.5984375 0.5796875 0.1140625 0.1328125
1 0.5 0.5 0.1 0.1