0 0.0328125 0.078125 0.065625 0.09375
0 0.05234375 0.11875 0.1046875 0.125
0 0.2296875 0.10859375 0.0703125 0.0828125
0 0.20390625 0.03125 0.11875 0.0625
0 0.32890625 0.09296875 0.0859375 0.0921875
0 0.33828125 0.1625 0.025 0.0375
0 0.46328125 0.11484375 0.10625 0.1265625
0 0.39296875 0.165625 0.1171875 0.134375
0 0.36875 0.2234375 0.1046875 0.1
0 0.24765625 0.20390625 0.103125 0.1296875
0 0.43046875 0.259375 0.05 0.0234375
0 0.496875 0.2734375 0.1109375 0.1390625
0 0.125 0.23515625 0.1046875 0.115625
0 0.16796875 0.36484375 0.103125 0.11875
0 0.68671875 0.03125 0.084375 0.0625
0 0.60703125 0.03359375 0.1015625 0.0671875
0 0.575 0.0671875 0.09375 0.11875
0 0.6515625 0.0953125 0.1265625 0.134375
0 0.68671875 0.1453125 0.0875 0.096875
0 0.6578125 0.38359375 0.084375 0.109375
0 0.6109375 0.38359375 0.1046875 0.14375
0 0.5265625 0.43359375 0.084375 0.071875
0 0.3421875 0.45078125 0.1046875 0.115625
0 0.6046875 0.55859375 0.1375 0.14375
0 0.3828125 0.40859375 0.084375 0.065625
0 0.09140625 0.54296875 0.0921875 0.071875
0 0.04375 0.57265625 0.0875 0.084375
0 0.68359375 0.3328125 0.075 0.125
0 0.76484375 0.6359375 0.109375 0.1171875
0 0.8359375 0.69453125 0.128125 0.13125
0 0.82265625 0.828125 0.090625 0.121875
0 0.77421875 0.76640625 0.0875 0.103125
0 0.646875 0.65390625 0.10625 0.1125
0 0.69765625 0.7640625 0.090625 0.1375
0 0.2234375 0.5125 0.0578125 0.0671875
0 0.2765625 0.60625 0.078125 0.0984375
0 0.34921875 0.5734375 0.0953125 0.096875
0 0.23671875 0.6453125 0.0921875 0.125
0 0.09453125 0.69140625 0.096875 0.10625
0 0.08203125 0.74609375 0.103125 0.1265625
0 0.03046875 0.74921875 0.0609375 0.1140625
0 0.04140625 0.8984375 0.075 0.096875
0 0.0890625 0.846875 0.08125 0.096875
0 0.1265625 0.8125 0.05 0.065625
0 0.17265625 0.8625 0.059375 0.065625
0 0.1515625 0.93046875 0.0734375 0.09375
0 0.203125 0.965625 0.065625 0.06875
0 0.26328125 0.86875 0.0796875 0.1109375
0 0.30234375 0.92734375 0.078125 0.1
0 0.3609375 0.8125 0.0671875 0.071875
0 0.4921875 0.7375 0.1015625 0.1359375
0 0.4515625 0.7046875 0.1140625 0.1296875
0 0.36796875 0.72578125 0.103125 0.1265625
0 0.28046875 0.73046875 0.1125 0.1359375
1 0.5 0.5 0.1 0.1