2 0.0546875 0.084375 0.10390625 0.08984375
2 0.0921875 0.125 0.10703125 0.11796875
2 0.25859375 0.1109375 0.065625 0.0765625
2 0.2359375 0.0359375 0.11328125 0.07109375
2 0.35078125 0.09609375 0.0796875 0.0859375
2 0.359375 0.1609375 0.02265625 0.03359375
2 0.47578125 0.11640625 0.09921875 0.11796875
2 0.4109375 0.1640625 0.10859375 0.12421875
2 0.38828125 0.21796875 0.09765625 0.09296875
2 0.275 0.19921875 0.09609375 0.12109375
2 0.4453125 0.2515625 0.046875 0.021875
2 0.5078125 0.26484375 0.103125 0.1296875
2 0.1609375 0.22890625 0.09765625 0.10859375
2 0.2015625 0.35 0.0953125 0.1109375
2 0.684375 0.03359375 0.075 0.0671875
2 0.61171875 0.03671875 0.09453125 0.0734375
2 0.58046875 0.071875 0.08671875 0.11015625
2 0.6515625 0.0984375 0.11796875 0.125
2 0.68359375 0.1453125 0.08125 0.090625
2 0.65703125 0.3671875 0.078125 0.10234375
2 0.61328125 0.3671875 0.096875 0.134375
2 0.534375 0.4140625 0.078125 0.06796875
2 0.36328125 0.4296875 0.09765625 0.1078125
2 0.6078125 0.53046875 0.12734375 0.134375
2 0.4015625 0.390625 0.078125 0.06015625
2 0.01875 0.42890625 0.0375 0.09296875
2 0.1296875 0.515625 0.0859375 0.0671875
2 0.01171875 0.51796875 0.0234375 0.028125
2 0.0828125 0.54765625 0.09375 0.07734375
2 0.68046875 0.3203125 0.06953125 0.115625
2 0.75703125 0.60234375 0.10234375 0.109375
2 0.8234375 0.65703125 0.11875 0.12109375
2 0.81015625 0.78203125 0.084375 0.11328125
2 0.765625 0.72421875 0.08203125 0.096875
2 0.646875 0.61875 0.0984375 0.10546875
2 0.69453125 0.721875 0.08515625 0.12890625
2 0.253125 0.4875 0.05390625 0.0625
2 0.30234375 0.575 0.0734375 0.09140625
2 0.36953125 0.54375 0.08828125 0.090625
2 0.26484375 0.6109375 0.0859375 0.11640625
2 0.1328125 0.65390625 0.08984375 0.0984375
2 0.12109375 0.70546875 0.09609375 0.11796875
2 0.05859375 0.7125 0.08828125 0.10703125
2 0.0828125 0.84765625 0.06953125 0.08984375
2 0.12734375 0.79921875 0.07578125 0.090625
2 0.1625 0.7671875 0.046875 0.0609375
2 0.20546875 0.81328125 0.05546875 0.0625
2 0.1859375 0.8765625 0.06796875 0.0875
2 0.23671875 0.91640625 0.0640625 0.07578125
2 0.28984375 0.81875 0.07421875 0.10390625
2 0.32578125 0.87421875 0.071875 0.0921875
2 0.38046875 0.7671875 0.0625 0.0671875
2 0.503125 0.696875 0.09453125 0.1265625
2 0.46484375 0.66640625 0.10625 0.1203125
2 0.3875 0.6859375 0.096875 0.11796875
2 0.30625 0.690625 0.10390625 0.1265625
1 0.5 0.5 0.1 0.1