0 0.02734375 0.08203125 0.0546875 0.1375
0 0.18671875 0.065625 0.0765625 0.0890625
0 0.159375 0.009375 0.1328125 0.01875
0 0.29375 0.04921875 0.09375 0.0984375
0 0.30390625 0.1234375 0.028125 0.0375
0 0.4390625 0.071875 0.115625 0.1375
0 0.36328125 0.12734375 0.128125 0.1453125
0 0.3375 0.18984375 0.115625 0.109375
0 0.20546875 0.16796875 0.1109375 0.1421875
0 0.40390625 0.22890625 0.0546875 0.025
0 0.4765625 0.24453125 0.1203125 0.15
0 0.07265625 0.20234375 0.115625 0.128125
0 0.1203125 0.34375 0.1109375 0.128125
0 0.59765625 0.0109375 0.1109375 0.021875
0 0.56015625 0.0421875 0.1015625 0.084375
0 0.64296875 0.06171875 0.1375 0.1234375
0 0.68125 0.10546875 0.09375 0.10625
0 0.65 0.36328125 0.090625 0.1203125
0 0.59921875 0.36328125 0.1125 0.15625
0 0.50703125 0.41796875 0.090625 0.0796875
0 0.3078125 0.43671875 0.115625 0.125
0 0.59296875 0.55390625 0.15 0.15625
0 0.35234375 0.390625 0.090625 0.071875
0 0.04296875 0.53515625 0.084375 0.078125
0 0.01796875 0.571875 0.0359375 0.090625
0 0.67734375 0.309375 0.08125 0.134375
0 0.76640625 0.6375 0.11875 0.128125
0 0.84375 0.70078125 0.1375 0.1421875
0 0.828125 0.84609375 0.0984375 0.1328125
0 0.7765625 0.77890625 0.096875 0.1125
0 0.63828125 0.65625 0.115625 0.1234375
0 0.69375 0.7765625 0.1 0.15
0 0.1796875 0.50390625 0.0625 0.071875
0 0.2375 0.60546875 0.084375 0.10625
0 0.315625 0.56875 0.103125 0.10625
0 0.19375 0.64765625 0.1 0.1375
0 0.04609375 0.696875 0.0921875 0.115625
0 0.040625 0.75546875 0.08125 0.1390625
0 0.0109375 0.921875 0.021875 0.10625
0 0.03828125 0.865625 0.0765625 0.10625
0 0.07421875 0.82890625 0.0546875 0.071875
0 0.12421875 0.8828125 0.065625 0.071875
0 0.10078125 0.95234375 0.078125 0.09375
0 0.1609375 0.97890625 0.075 0.0421875
0 0.22265625 0.8890625 0.0875 0.121875
0 0.26328125 0.95 0.084375 0.1
0 0.328125 0.82890625 0.071875 0.078125
0 0.47109375 0.74765625 0.109375 0.146875
0 0.4265625 0.71171875 0.1234375 0.140625
0 0.33671875 0.734375 0.1125 0.1375
0 0.2421875 0.73984375 0.1203125 0.146875
1 0.5 0.5 0.1 0.1