0 0.07890625 0.95703125 0.0953125 0.0859375
0 0.12265625 0.92890625 0.1265625 0.115625
0 0.1078125 0.7515625 0.08125 0.0703125
0 0.03203125 0.77734375 0.0640625 0.1203125
0 0.0921875 0.65390625 0.090625 0.084375
0 0.1609375 0.64453125 0.034375 0.025
0 0.1140625 0.52109375 0.1265625 0.10625
0 0.1640625 0.58984375 0.1328125 0.1171875
0 0.221875 0.6140625 0.1 0.1046875
0 0.2015625 0.734375 0.1296875 0.1015625
0 0.2578125 0.553125 0.0234375 0.05
0 0.271875 0.48671875 0.1375 0.109375
0 0.23359375 0.85546875 0.115625 0.1046875
0 0.3625 0.8125 0.11875 0.1015625
0 0.03046875 0.29921875 0.0609375 0.0796875
0 0.034375 0.3765625 0.06875 0.1015625
0 0.06640625 0.409375 0.11875 0.09375
0 0.09453125 0.33359375 0.1328125 0.125
0 0.14453125 0.3 0.096875 0.0875
0 0.38046875 0.328125 0.109375 0.0828125
0 0.38046875 0.37421875 0.14375 0.103125
0 0.43046875 0.45859375 0.0734375 0.0828125
0 0.446875 0.640625 0.115625 0.1046875
0 0.55390625 0.38046875 0.14375 0.1359375
0 0.40546875 0.6 0.065625 0.0828125
0 0.4453125 0.99296875 0.1 0.0140625
0 0.53828125 0.8890625 0.071875 0.090625
0 0.571875 0.93828125 0.0828125 0.1
0 0.33046875 0.303125 0.121875 0.075
0 0.63046875 0.221875 0.115625 0.1078125
0 0.68828125 0.15078125 0.1296875 0.1265625
0 0.82109375 0.165625 0.121875 0.090625
0 0.76015625 0.2125 0.103125 0.0875
0 0.64765625 0.3390625 0.1125 0.1046875
0 0.7578125 0.28828125 0.1375 0.090625
0 0.50859375 0.7578125 0.065625 0.0578125
0 0.6015625 0.70546875 0.096875 0.078125
0 0.56796875 0.63359375 0.096875 0.09375
0 0.63984375 0.7453125 0.125 0.090625
0 0.68515625 0.88515625 0.1046875 0.096875
0 0.73984375 0.89765625 0.1265625 0.103125
0 0.74765625 0.95859375 0.1125 0.0828125
0 0.89140625 0.93828125 0.096875 0.075
0 0.83984375 0.89140625 0.096875 0.0796875
0 0.80546875 0.85390625 0.065625 0.05
0 0.8546875 0.8078125 0.065625 0.0609375
0 0.921875 0.82890625 0.09375 0.071875
0 0.96171875 0.775 0.0765625 0.06875
0 0.86015625 0.71875 0.1109375 0.0796875
0 0.91953125 0.68046875 0.096875 0.0765625
0 0.80546875 0.621875 0.071875 0.065625
0 0.73125 0.49140625 0.134375 0.1
0 0.6984375 0.53203125 0.128125 0.1125
0 0.71953125 0.61484375 0.1265625 0.103125
0 0.72421875 0.70078125 0.134375 0.109375
1 0.5 0.5 0.1 0.1