0 0.0546875 0.08359375 0.10625 0.090625
0 0.09296875 0.12421875 0.109375 0.11875
0 0.26015625 0.11015625 0.065625 0.078125
0 0.2359375 0.034375 0.115625 0.06875
0 0.353125 0.0953125 0.08125 0.0875
0 0.36171875 0.16015625 0.0234375 0.0328125
0 0.47890625 0.115625 0.1 0.11875
0 0.41328125 0.16328125 0.109375 0.125
0 0.390625 0.21796875 0.1 0.09375
0 0.2765625 0.19921875 0.096875 0.121875
0 0.4484375 0.2515625 0.046875 0.021875
0 0.5109375 0.26484375 0.103125 0.13125
0 0.16171875 0.22890625 0.1 0.109375
0 0.203125 0.35078125 0.096875 0.1125
0 0.68828125 0.0328125 0.0765625 0.065625
0 0.61484375 0.0359375 0.0953125 0.071875
0 0.584375 0.07109375 0.0875 0.1125
0 0.65546875 0.09765625 0.11875 0.125
0 0.68828125 0.14453125 0.08125 0.090625
0 0.6609375 0.36796875 0.078125 0.103125
0 0.6171875 0.36796875 0.096875 0.134375
0 0.5375 0.41484375 0.078125 0.06875
0 0.365625 0.43046875 0.1 0.109375
0 0.61171875 0.53203125 0.128125 0.134375
0 0.40390625 0.39140625 0.078125 0.0609375
0 0.01875 0.4296875 0.0375 0.09375
0 0.13046875 0.5171875 0.0875 0.06875
0 0.01171875 0.51953125 0.0234375 0.028125
0 0.08359375 0.54921875 0.09375 0.078125
0 0.684375 0.32109375 0.071875 0.115625
0 0.76171875 0.6046875 0.103125 0.109375
0 0.82890625 0.659375 0.11875 0.121875
0 0.815625 0.78515625 0.084375 0.115625
0 0.7703125 0.72734375 0.084375 0.096875
0 0.65078125 0.62109375 0.1 0.10625
0 0.69921875 0.725 0.0875 0.13125
0 0.2546875 0.4890625 0.0546875 0.0625
0 0.30390625 0.57734375 0.075 0.090625
0 0.371875 0.5453125 0.090625 0.090625
0 0.26640625 0.61328125 0.0875 0.11875
0 0.13359375 0.65625 0.090625 0.1
0 0.121875 0.70859375 0.096875 0.11875
0 0.05859375 0.715625 0.090625 0.10625
0 0.08359375 0.8515625 0.071875 0.090625
0 0.128125 0.80234375 0.075 0.090625
0 0.16328125 0.7703125 0.046875 0.0609375
0 0.20703125 0.8171875 0.05625 0.0625
0 0.18671875 0.88046875 0.06875 0.0875
0 0.23828125 0.9203125 0.065625 0.078125
0 0.29140625 0.82265625 0.075 0.10625
0 0.328125 0.878125 0.071875 0.09375
0 0.3828125 0.7703125 0.0625 0.06875
0 0.50625 0.7 0.09375 0.128125
0 0.46796875 0.66875 0.10625 0.121875
0 0.38984375 0.6890625 0.096875 0.11875
0 0.3078125 0.69375 0.103125 0.128125
1 0.5 0.5 0.1 0.1