0 0.60390625 0.18828125 0.05625 0.05
0 0.6203125 0.2234375 0.0390625 0.034375
0 0.55 0.1484375 0.04375 0.0578125
0 0.52265625 0.11015625 0.0578125 0.075
0 0.553125 0.2671875 0.04375 0.04375
0 0.59296875 0.26484375 0.040625 0.040625
0 0.60703125 0.36953125 0.0359375 0.0328125
0 0.61953125 0.3984375 0.040625 0.0375
0 0.8671875 0.50390625 0.0296875 0.028125
0 0.62109375 0.1296875 0.04375 0.040625
0 0.8421875 0.60546875 0.034375 0.0265625
0 0.82109375 0.553125 0.021875 0.0203125
0 0.81796875 0.53203125 0.0328125 0.0296875
0 0.828125 0.50078125 0.0390625 0.0265625
0 0.92109375 0.3625 0.03125 0.03125
0 0.89140625 0.41015625 0.025 0.0359375
0 0.88671875 0.4359375 0.0265625 0.0296875
0 0.86875 0.409375 0.028125 0.025
0 0.8609375 0.4390625 0.028125 0.0359375
0 0.825 0.46484375 0.0328125 0.028125
0 0.83046875 0.4859375 0.0296875 0.034375
0 0.8046875 0.603125 0.034375 0.021875
0 0.803125 0.63046875 0.01875 0.021875
0 0.78203125 0.62890625 0.021875 0.01875
0 0.765625 0.621875 0.034375 0.034375
0 0.6984375 0.6875 0.03125 0.025
0 0.9015625 0.55546875 0.021875 0.021875
0 0.678125 0.43203125 0.028125 0.03125
0 0.62109375 0.57421875 0.034375 0.0359375
0 0.69140625 0.58515625 0.025 0.0203125
0 0.69921875 0.603125 0.025 0.021875
0 0.68984375 0.565625 0.021875 0.01875
0 0.66171875 0.98125 0.04375 0.0375
0 0.590625 0.98828125 0.034375 0.021875
0 0.51484375 0.99140625 0.040625 0.0171875
0 0.49375 0.91953125 0.028125 0.025
0 0.51171875 0.89453125 0.034375 0.040625
0 0.55390625 0.75 0.025 0.0375
0 0.5765625 0.74453125 0.0265625 0.03125
0 0.7046875 0.80078125 0.0296875 0.0375
0 0.69765625 0.828125 0.025 0.028125
0 0.6625 0.84453125 0.021875 0.028125
0 0.72578125 0.78203125 0.0296875 0.028125
0 0.6828125 0.7984375 0.01875 0.021875
0 0.578125 0.6765625 0.028125 0.025
0 0.54921875 0.63203125 0.034375 0.025
0 0.59609375 0.60703125 0.0421875 0.0375
0 0.45390625 0.68125 0.0375 0.034375
0 0.5234375 0.6484375 0.0265625 0.021875
0 0.43515625 0.865625 0.0421875 0.0375
0 0.47109375 0.89453125 0.0359375 0.034375
0 0.3609375 0.86640625 0.0421875 0.034375
0 0.4234375 0.91328125 0.03125 0.0359375
0 0.39296875 0.9453125 0.03125 0.0296875
0 0.41640625 0.9828125 0.040625 0.034375
0 0.3109375 0.921875 0.040625 0.046875
0 0.2453125 0.88515625 0.021875 0.0203125
0 0.234375 0.85703125 0.03125 0.0296875
0 0.17421875 0.9671875 0.04375 0.04375
0 0.20625 0.78515625 0.028125 0.0328125
0 0.22265625 0.815625 0.028125 0.046875
0 0.28515625 0.73671875 0.025 0.03125
0 0.25625 0.7390625 0.025 0.028125
0 0.19296875 0.725 0.03125 0.0328125
0 0.2453125 0.675 0.0359375 0.0375
0 0.21484375 0.68046875 0.0359375 0.034375
0 0.3203125 0.66796875 0.0375 0.040625
0 0.40234375 0.75859375 0.021875 0.021875
0 0.3984375 0.7328125 0.0265625 0.0265625
0 0.42421875 0.734375 0.040625 0.0359375
0 0.48671875 0.71171875 0.025 0.025
0 0.28671875 0.59453125 0.03125 0.025
0 0.2640625 0.6140625 0.021875 0.0203125
0 0.23515625 0.57421875 0.021875 0.025
0 0.08984375 0.659375 0.03125 0.028125
0 0.103125 0.6140625 0.03125 0.021875
0 0.09375 0.53828125 0.028125 0.025
0 0.021875 0.55625 0.028125 0.025
0 0.01875 0.578125 0.0375 0.034375
0 0.246875 0.48828125 0.03125 0.03125
0 0.2765625 0.4828125 0.025 0.028125
0 0.059375 0.615625 0.01875 0.021875
0 0.07734375 0.4015625 0.04375 0.046875
0 0.17734375 0.4359375 0.0359375 0.0375
0 0.19765625 0.47421875 0.034375 0.0375
0 0.25078125 0.459375 0.03125 0.034375
0 0.3359375 0.45390625 0.03125 0.034375
0 0.34453125 0.48828125 0.021875 0.01875
0 0.3046875 0.365625 0.021875 0.021875
0 0.2796875 0.36328125 0.0296875 0.03125
0 0.31875 0.31640625 0.0390625 0.0375
0 0.1234375 0.21796875 0.034375 0.0375
0 0.16953125 0.234375 0.04375 0.0421875
0 0.23125 0.2546875 0.028125 0.03125
0 0.2171875 0.21015625 0.025 0.021875
0 0.2375 0.20390625 0.01875 0.0203125
0 0.24765625 0.22734375 0.021875 0.0265625
0 0.34453125 0.23828125 0.0359375 0.034375
0 0.4203125 0.3984375 0.03125 0.025
0 0.43515625 0.41640625 0.03125 0.0265625
0 0.47109375 0.23828125 0.03125 0.028125
0 0.43515625 0.21640625 0.04375 0.0328125
0 0.53671875 0.0609375 0.021875 0.021875
0 0.5484375 0.50234375 0.0265625 0.0171875
0 0.54921875 0.515625 0.025 0.0203125
0 0.60390625 0.51953125 0.028125 0.028125
0 0.48828125 0.58046875 0.025 0.0265625
0 0.43125 0.515625 0.025 0.025
0 0.3484375 0.28984375 0.025 0.021875
0 0.3390625 0.26015625 0.0203125 0.015625
0 0.33046875 0.2765625 0.021875 0.025
0 0.30703125 0.28515625 0.025 0.0265625
0 0.459375 0.81875 0.025 0.028125
0 0.10546875 0.5859375 0.021875 0.025
0 0.3203125 0.10546875 0.025 0.028125
0 0.3171875 0.16953125 0.0203125 0.025
0 0.29453125 0.23828125 0.025 0.028125
0 0.725 0.3609375 0.01875 0.01875
0 0.7109375 0.34296875 0.025 0.025
0 0.66171875 0.4140625 0.025 0.025
0 0.6578125 0.38828125 0.025 0.025
0 0.853125 0.48828125 0.025 0.028125