0 0.70234375 0.7140625 0.2953125 0.175
0 0.58984375 0.82890625 0.2125 0.153125
0 0.4359375 0.91875 0.2046875 0.1625
0 0.325 0.8125 0.2515625 0.1953125
0 0.45234375 0.67421875 0.178125 0.19375
0 0.24296875 0.69140625 0.2125 0.121875
0 0.2171875 0.56484375 0.2484375 0.1328125
0 0.24765625 0.22421875 0.2265625 0.1578125
0 0.415625 0.23046875 0.203125 0.15
0 0.61171875 0.1953125 0.2125 0.203125
0 0.3453125 0.459375 0.2 0.15625
0 0.5421875 0.46796875 0.2046875 0.1328125
0 0.63125 0.578125 0.246875 0.184375
0 0.75390625 0.37734375 0.225 0.1875
0 0.8703125 0.296875 0.259375 0.2171875
0 0.403125 0.10078125 0.2703125 0.1640625
0 0.51640625 0.3578125 0.3125 0.165625