0 0.71953125 0.815625 0.296875 0.175
0 0.60703125 0.92734375 0.2140625 0.1453125
0 0.4515625 0.9703125 0.20625 0.059375
0 0.340625 0.90859375 0.253125 0.1828125
0 0.46875 0.77578125 0.178125 0.19375
0 0.25859375 0.79296875 0.2140625 0.121875
0 0.23203125 0.665625 0.25 0.134375
0 0.2625 0.32421875 0.228125 0.159375
0 0.43125 0.33046875 0.203125 0.15
0 0.62890625 0.2953125 0.2140625 0.203125
0 0.3609375 0.559375 0.2 0.15625
0 0.559375 0.56875 0.20625 0.134375
0 0.6484375 0.67890625 0.246875 0.184375
0 0.771875 0.47734375 0.225 0.1890625
0 0.87890625 0.396875 0.240625 0.21875
0 0.41875 0.19921875 0.271875 0.165625
0 0.5328125 0.4578125 0.3125 0.165625