0 0.26484375 0.69765625 0.14921875 0.253125
0 0.16640625 0.6015625 0.13203125 0.1828125
0 0.0796875 0.46953125 0.15625 0.17578125
0 0.18046875 0.375 0.1671875 0.215625
0 0.2984375 0.48359375 0.16484375 0.15234375
0 0.28359375 0.3046875 0.10390625 0.1828125
0 0.39296875 0.28203125 0.1140625 0.21328125
0 0.684375 0.3078125 0.13515625 0.19453125
0 0.67890625 0.45234375 0.128125 0.1734375
0 0.709375 0.6203125 0.17421875 0.1828125
0 0.48359375 0.3921875 0.13359375 0.17109375
0 0.47578125 0.5609375 0.1140625 0.17578125
0 0.38125 0.63671875 0.1578125 0.2109375
0 0.55390625 0.7421875 0.16171875 0.1921875
0 0.621875 0.85703125 0.1859375 0.253125
0 0.790625 0.44140625 0.140625 0.23203125
0 0.5703125 0.53828125 0.1421875 0.2671875