0 0.9921875 0.5125 0.015625 0.0671875
0 0.51171875 0.246875 0.12734375 0.08984375
0 0.53671875 0.14296875 0.12890625 0.08671875
0 0.3984375 0.03984375 0.10703125 0.078125
0 0.55859375 0.775 0.14140625 0.115625
0 0.43515625 0.94140625 0.20859375 0.1171875
0 0.48828125 0.5328125 0.20234375 0.14296875
0 0.08515625 0.49921875 0.1703125 0.1171875
0 0.68125 0.6703125 0.1734375 0.12578125
0 0.196875 0.5828125 0.184375 0.134375
0 0.240625 0.42578125 0.16875 0.1125
0 0.49453125 0.66484375 0.17890625 0.1265625
0 0.24453125 0.0421875 0.12890625 0.08125
1 0.5 0.5 0.1 0.1