0 0.6234375 0.02109375 0.115625 0.0421875
0 0.56484375 0.09140625 0.0625 0.053125
0 0.39453125 0.31796875 0.10625 0.096875
0 0.30234375 0.5125 0.0890625 0.075
0 0.12265625 0.69765625 0.103125 0.0734375
0 0.03984375 0.74453125 0.0796875 0.0796875
0 0.24453125 0.76796875 0.075 0.090625
0 0.3125 0.78984375 0.08125 0.096875
0 0.37421875 0.7671875 0.09375 0.0859375
0 0.6484375 0.5703125 0.1359375 0.125
0 0.46875 0.4625 0.1609375 0.1375
0 0.43203125 0.5359375 0.1625 0.1109375
0 0.56484375 0.4203125 0.1875 0.109375