0 0.6 0.04140625 0.10078125 0.08203125
0 0.54765625 0.125 0.05390625 0.046875
0 0.3984375 0.3234375 0.09375 0.084375
0 0.31796875 0.49375 0.07890625 0.06484375
0 0.16015625 0.65546875 0.090625 0.0640625
0 0.08515625 0.69765625 0.0765625 0.0703125
0 0.2671875 0.7171875 0.065625 0.0796875
0 0.3265625 0.73671875 0.0703125 0.084375
0 0.38046875 0.71640625 0.0828125 0.075
0 0.6203125 0.54453125 0.11875 0.109375
0 0.46328125 0.45 0.13984375 0.11953125
0 0.43125 0.5140625 0.1421875 0.096875
0 0.54765625 0.41328125 0.16484375 0.09453125