0 0.02578125 0.33984375 0.0515625 0.115625
0 0.1 0.39921875 0.053125 0.0625
0 0.3265625 0.56953125 0.096875 0.10625
0 0.52109375 0.66171875 0.075 0.0890625
0 0.70625 0.8421875 0.0734375 0.103125
0 0.7546875 0.92734375 0.08125 0.0875
0 0.7765625 0.71953125 0.090625 0.075
0 0.79921875 0.6515625 0.096875 0.08125
0 0.77578125 0.58984375 0.0859375 0.09375
0 0.5796875 0.31640625 0.125 0.1359375
0 0.47109375 0.4953125 0.1375 0.1609375
0 0.54453125 0.53203125 0.1109375 0.1625
0 0.4296875 0.39921875 0.109375 0.1875