0 0.62421875 0.21171875 0.1 0.071875
0 0.90078125 0.134375 0.1 0.071875
0 0.36796875 0.33984375 0.1 0.05625
0 0.5375 0.6859375 0.096875 0.0734375
0 0.0421875 0.1546875 0.084375 0.096875
0 0.709375 0.81015625 0.0921875 0.075
0 0.60625 0.271875 0.1 0.075
0 0.67421875 0.94453125 0.090625 0.065625
0 0.2015625 0.08125 0.0875 0.06875
0 0.72109375 0.4359375 0.1140625 0.078125
0 0.146875 0.109375 0.075 0.0625
0 0.7984375 0.91015625 0.0890625 0.071875
0 0.45703125 0.775 0.0890625 0.071875
0 0.2984375 0.46484375 0.09375 0.065625
0 0.58359375 0.8046875 0.109375 0.0796875
0 0.89375 0.2828125 0.09375 0.071875
0 0.26875 0.28515625 0.09375 0.0625
0 0.88203125 0.1859375 0.09375 0.08125
0 0.7921875 0.6390625 0.1 0.075
0 0.315625 0.065625 0.08125 0.065625
0 0.1171875 0.27265625 0.084375 0.06875
0 0.93359375 0.6453125 0.109375 0.075
0 0.3796875 0.29296875 0.103125 0.0578125
0 0.04296875 0.265625 0.084375 0.0609375
0 0.8078125 0.2734375 0.10625 0.078125
0 0.58984375 0.646875 0.1 0.071875
0 0.859375 0.32734375 0.109375 0.075
0 0.5046875 0.8125 0.078125 0.0765625
0 0.4546875 0.51640625 0.0796875 0.0609375
0 0.45 0.84609375 0.09375 0.078125
0 0.33828125 0.7046875 0.0859375 0.0640625
0 0.11796875 0.15234375 0.096875 0.065625
0 0.6046875 0.33984375 0.1 0.071875
0 0.7421875 0.94609375 0.078125 0.0765625
0 0.72109375 0.4890625 0.128125 0.0453125
0 0.6453125 0.30546875 0.0828125 0.06875
0 0.52109375 0.4859375 0.0875 0.065625
0 0.203125 0.321875 0.090625 0.0625
0 0.80703125 0.18984375 0.0875 0.071875
0 0.28984375 0.6703125 0.096875 0.06875
0 0.9515625 0.16953125 0.084375 0.06875
0 0.88046875 0.93671875 0.103125 0.090625
0 0.69453125 0.76484375 0.0859375 0.0578125
0 0.140625 0.3703125 0.0703125 0.0609375
0 0.45 0.103125 0.103125 0.071875
0 0.503125 0.884375 0.1 0.0796875
0 0.58984375 0.46875 0.08125 0.0703125
0 0.925 0.39140625 0.1125 0.071875
0 0.815625 0.43828125 0.1 0.078125
0 0.5328125 0.1109375 0.090625 0.06875
0 0.38671875 0.1265625 0.09375 0.06875
0 0.91171875 0.8171875 0.078125 0.0625
0 0.3125 0.590625 0.09375 0.0640625
0 0.39375 0.59375 0.084375 0.065625
0 0.5953125 0.90078125 0.0953125 0.078125
0 0.37109375 0.5375 0.11875 0.075
0 0.0828125 0.59765625 0.0875 0.059375
0 0.61328125 0.70390625 0.090625 0.06875
0 0.76875 0.5921875 0.1015625 0.06875
0 0.7671875 0.75625 0.084375 0.059375
0 0.1875 0.44453125 0.09375 0.065625
0 0.83203125 0.71328125 0.090625 0.0609375
0 0.4125 0.37890625 0.0765625 0.0671875
0 0.25234375 0.03359375 0.0953125 0.0671875
0 0.75703125 0.69609375 0.0984375 0.0875
0 0.9390625 0.9703125 0.096875 0.059375
0 0.18984375 0.27734375 0.084375 0.065625
0 0.8265625 0.5578125 0.09375 0.0625
0 0.5078125 0.7390625 0.090625 0.0703125
0 0.5171875 0.54140625 0.0875 0.0765625
0 0.02890625 0.4109375 0.05625 0.059375
0 0.76953125 0.84453125 0.0859375 0.0640625
0 0.70859375 0.38046875 0.125 0.0765625
0 0.76328125 0.22890625 0.0984375 0.071875
0 0.6625 0.04140625 0.1 0.0828125
0 0.409375 0.19140625 0.0984375 0.071875
0 0.1296875 0.9234375 0.0921875 0.06875
0 0.6578125 0.5796875 0.090625 0.071875
0 0.32109375 0.1125 0.078125 0.059375
0 0.08984375 0.34375 0.090625 0.0640625
0 0.74921875 0.05859375 0.09375 0.071875
0 0.0421875 0.878125 0.084375 0.0671875
0 0.19921875 0.38515625 0.08125 0.078125
0 0.8546875 0.38359375 0.084375 0.071875
0 0.60078125 0.51015625 0.08125 0.059375
0 0.92265625 0.72578125 0.11875 0.078125
0 0.684375 0.71875 0.0875 0.0625
0 0.12265625 0.7625 0.103125 0.06875
0 0.22109375 0.546875 0.1234375 0.084375
0 0.340625 0.209375 0.0875 0.059375
0 0.0390625 0.6734375 0.078125 0.06875
0 0.53515625 0.2578125 0.09375 0.075
0 0.6796875 0.2453125 0.084375 0.0703125
0 0.17421875 0.721875 0.09375 0.071875
0 0.9390625 0.23359375 0.121875 0.0890625
0 0.23046875 0.48984375 0.125 0.065625
0 0.603125 0.6 0.075 0.059375
0 0.63828125 0.434375 0.090625 0.0609375
0 0.40625 0.91640625 0.0875 0.059375
0 0.33046875 0.415625 0.084375 0.065625
0 0.07265625 0.10078125 0.109375 0.071875
0 0.70234375 0.61953125 0.09375 0.071875
0 0.73515625 0.0203125 0.0890625 0.040625
0 0.50546875 0.9859375 0.096875 0.028125
0 0.43046875 0.97578125 0.084375 0.0484375
0 0.9 0.871875 0.0875 0.071875
0 0.6890625 0.175 0.071875 0.071875
0 0.73359375 0.553125 0.1015625 0.071875
0 0.628125 0.1 0.096875 0.06875
0 0.05 0.79140625 0.0859375 0.0515625
0 0.9734375 0.13125 0.053125 0.0765625
0 0.4765625 0.5953125 0.096875 0.0578125
0 0.378125 0.83515625 0.084375 0.0625
0 0.73125 0.8875 0.096875 0.0734375
0 0.2875 0.1703125 0.090625 0.075
0 0.24296875 0.5984375 0.084375 0.053125
0 0.13828125 0.41953125 0.059375 0.0640625
0 0.05625 0.303125 0.078125 0.0625
0 0.02734375 0.46953125 0.0546875 0.0578125
0 0.7796875 0.5171875 0.0765625 0.0625
0 0.09140625 0.39375 0.071875 0.0625
0 0.38203125 0.43828125 0.096875 0.06875
0 0.11015625 0.6875 0.09375 0.078125
0 0.23984375 0.2453125 0.078125 0.0609375
0 0.9765625 0.2921875 0.046875 0.084375
0 0.38203125 0.7640625 0.084375 0.053125
0 0.12578125 0.55 0.096875 0.0671875
0 0.2890625 0.33515625 0.0921875 0.0625
0 0.83203125 0.87109375 0.0828125 0.059375
0 0.08046875 0.8359375 0.09375 0.059375
0 0.565625 0.8640625 0.0828125 0.0609375
0 0.9625 0.8421875 0.075 0.0875
0 0.78828125 0.3453125 0.096875 0.075
0 0.97109375 0.428125 0.0578125 0.084375
0 0.8359375 0.109375 0.1 0.08125
0 0.84921875 0.98359375 0.1234375 0.0328125
0 0.6890625 0.671875 0.0953125 0.06875
0 0.67265625 0.896875 0.0734375 0.0609375
0 0.5546875 0.42421875 0.096875 0.0703125
0 0.13515625 0.3234375 0.075 0.059375
0 0.96640625 0.6859375 0.065625 0.0625
0 0.2625 0.103125 0.071875 0.0625
0 0.5828125 0.03046875 0.09375 0.0609375
0 0.2609375 0.40546875 0.08125 0.059375
0 0.24296875 0.92734375 0.09375 0.065625
0 0.81796875 0.0296875 0.090625 0.059375
0 0.6 0.96640625 0.0859375 0.0671875
0 0.70546875 0.09375 0.0921875 0.0671875
0 0.5875 0.38515625 0.075 0.0578125
0 0.65703125 0.98359375 0.08125 0.0328125
0 0.828125 0.7921875 0.1 0.05625
0 0.46640625 0.66875 0.090625 0.075
0 0.071875 0.43359375 0.0984375 0.05625
0 0.33828125 0.50234375 0.06875 0.053125
0 0.84921875 0.60234375 0.075 0.059375
0 0.08984375 0.06015625 0.08125 0.05625
0 0.21171875 0.775 0.09375 0.06875
0 0.359375 0.64375 0.10625 0.078125
0 0.87421875 0.75859375 0.090625 0.0640625
0 0.39453125 0.71640625 0.05625 0.0515625
0 0.22578125 0.13671875 0.103125 0.0625
0 0.24765625 0.70703125 0.1140625 0.05625
0 0.29765625 0.2390625 0.08125 0.0640625
0 0.73125 0.28125 0.090625 0.0625
0 0.7453125 0.17109375 0.0734375 0.06875
0 0.45390625 0.1625 0.078125 0.071875
0 0.44453125 0.23828125 0.1 0.0703125
0 0.9515625 0.3328125 0.09375 0.0875
0 0.090625 0.478125 0.115625 0.065625
0 0.84140625 0.828125 0.0953125 0.0640625
0 0.9578125 0.5078125 0.084375 0.090625
0 0.1859375 0.8828125 0.08125 0.06875
0 0.5203125 0.15703125 0.08125 0.059375
0 0.06640625 0.74140625 0.0875 0.065625
0 0.59296875 0.14296875 0.090625 0.06875
0 0.88828125 0.05703125 0.125 0.08125
0 0.078125 0.19609375 0.084375 0.059375
0 0.15234375 0.61953125 0.0921875 0.0828125
0 0.20234375 0.22109375 0.10625 0.05625
0 0.51953125 0.6203125 0.0875 0.059375
0 0.125 0.87265625 0.09375 0.06875
0 0.4703125 0.40078125 0.084375 0.0640625
0 0.4484375 0.71484375 0.0609375 0.04375
0 0.3921875 0.01953125 0.103125 0.0390625
0 0.94765625 0.775 0.0875 0.071875
0 0.884375 0.490625 0.1265625 0.0734375
0 0.97734375 0.746875 0.0453125 0.0765625
0 0.9828125 0.64296875 0.034375 0.08125
0 0.9375 0.015625 0.1125 0.03125
0 0.9734375 0.075 0.053125 0.0765625
0 0.84375 0.66796875 0.09375 0.065625
0 0.15703125 0.503125 0.0625 0.0578125
0 0.5109375 0.0140625 0.096875 0.028125
0 0.33203125 0.36875 0.09375 0.046875
0 0.2515625 0.74921875 0.103125 0.040625
0 0.25078125 0.97109375 0.090625 0.0578125
0 0.38828125 0.4828125 0.1 0.0578125
0 0.446875 0.47265625 0.0828125 0.065625
0 0.4265625 0.04453125 0.103125 0.08125
0 0.52109375 0.21171875 0.10625 0.071875
0 0.36484375 0.24765625 0.09375 0.05625
0 0.96640625 0.93515625 0.0671875 0.05
0 0.46484375 0.35234375 0.078125 0.059375
0 0.19453125 0.66640625 0.1046875 0.05625
0 0.3375 0.92421875 0.0828125 0.0625
0 0.2828125 0.84375 0.0921875 0.0671875
0 0.0375 0.55390625 0.075 0.084375
0 0.203125 0.17578125 0.1125 0.0625
0 0.46015625 0.56015625 0.0828125 0.0453125
0 0.13125 0.2078125 0.0703125 0.0578125
0 0.29296875 0.903125 0.096875 0.071875
0 0.2375 0.6359375 0.096875 0.059375
0 0.63125 0.753125 0.084375 0.065625
0 0.31796875 0.01640625 0.075 0.0328125
0 0.57578125 0.5578125 0.09375 0.053125
0 0.459375 0.31171875 0.0890625 0.0515625
0 0.984375 0.19453125 0.03125 0.08125
0 0.0421875 0.3703125 0.084375 0.059375
0 0.1484375 0.9734375 0.0703125 0.053125
0 0.13125 0.0234375 0.09375 0.046875
0 0.54296875 0.94765625 0.090625 0.06875
0 0.94609375 0.90078125 0.1 0.0671875
0 0.25234375 0.35546875 0.0765625 0.059375
0 0.91015625 0.6015625 0.08125 0.0671875
0 0.8859375 0.5390625 0.0921875 0.071875
0 0.4578125 0.6375 0.0875 0.05
0 0.69453125 0.33125 0.0953125 0.059375
0 0.0234375 0.33203125 0.046875 0.059375
0 0.14921875 0.05859375 0.071875 0.053125
0 0.76484375 0.9859375 0.084375 0.028125
0 0.8109375 0.965625 0.0859375 0.0671875
0 0.38046875 0.07265625 0.078125 0.0625
0 0.92421875 0.44140625 0.090625 0.0671875
0 0.025 0.61875 0.05 0.0546875
0 0.4640625 0.9390625 0.071875 0.0578125
0 0.6703125 0.13515625 0.078125 0.0546875
0 0.896875 0.69453125 0.103125 0.0734375
0 0.94765625 0.55390625 0.0765625 0.053125
0 0.98046875 0.971875 0.0390625 0.05625
0 0.0734375 0.63828125 0.075 0.05625
0 0.02734375 0.0859375 0.0546875 0.06875
0 0.34609375 0.79453125 0.059375 0.046875
0 0.7421875 0.12578125 0.075 0.065625
0 0.021875 0.75 0.04375 0.06875
0 0.04375 0.5171875 0.0875 0.046875
0 0.57890625 0.0796875 0.0796875 0.0625
0 0.18671875 0.81015625 0.0796875 0.059375
0 0.37890625 0.8734375 0.078125 0.046875
0 0.98359375 0.5734375 0.0328125 0.0734375
0 0.2390625 0.8609375 0.084375 0.075
0 0.490625 0.43984375 0.0796875 0.053125
0 0.5734375 0.17734375 0.071875 0.0625
0 0.95703125 0.5953125 0.0859375 0.065625
0 0.63125 0.8453125 0.0828125 0.059375
0 0.78515625 0.39921875 0.084375 0.0625
0 0.253125 0.8015625 0.0859375 0.05625
0 0.75546875 0.3171875 0.1 0.0625
0 0.6546875 0.7984375 0.059375 0.05625
0 0.02265625 0.83203125 0.0453125 0.053125
0 0.98359375 0.02578125 0.0328125 0.0515625
0 0.246875 0.4421875 0.0625 0.053125
0 0.80234375 0.134375 0.1046875 0.06875
0 0.02890625 0.03125 0.0578125 0.0625
0 0.053125 0.23359375 0.0984375 0.053125
0 0.38671875 0.96171875 0.0875 0.0671875
0 0.309375 0.76171875 0.075 0.0546875
0 0.5 0.06796875 0.0875 0.053125
0 0.19140625 0.02734375 0.0625 0.0515625
0 0.1 0.96328125 0.0578125 0.059375
0 0.70625 0.9859375 0.0625 0.028125
0 0.29765625 0.7875 0.0765625 0.0609375
0 0.33828125 0.9734375 0.0890625 0.053125
0 0.51796875 0.31015625 0.0859375 0.059375
0 0.11015625 0.5140625 0.078125 0.04375
0 0.97421875 0.3640625 0.0515625 0.08125
0 0.11875 0.80546875 0.084375 0.053125
0 0.459375 0.27421875 0.0875 0.0859375
0 0.196875 0.97421875 0.065625 0.0515625
0 0.64296875 0.38671875 0.0734375 0.06875
0 0.02421875 0.21640625 0.0484375 0.0578125
0 0.053125 0.921875 0.1046875 0.075
0 0.83046875 0.503125 0.0609375 0.065625
0 0.65234375 0.6328125 0.0609375 0.0578125
0 0.33828125 0.8671875 0.065625 0.059375
0 0.78984375 0.07109375 0.0859375 0.06875
0 0.5453125 0.59921875 0.075 0.05625
0 0.66640625 0.528125 0.084375 0.053125