0 0.7078125 0.534375 0.08125 0.10625
0 0.19375 0.8015625 0.084375 0.1296875
0 0.3765625 0.96875 0.0875 0.0625
0 0.30859375 0.38046875 0.078125 0.121875
0 0.4625 0.6765625 0.0828125 0.1125
0 0.9125 0.8734375 0.0890625 0.1171875
0 0.38984375 0.89140625 0.0875 0.128125
0 0.5515625 0.9671875 0.08125 0.065625
0 0.4859375 0.8859375 0.08125 0.1046875
0 0.31875 0.9484375 0.0859375 0.103125
0 0.75390625 0.43046875 0.084375 0.1171875
0 0.92734375 0.34453125 0.0875 0.1203125
0 0.1890625 0.91015625 0.0875 0.1171875
0 0.753125 0.9109375 0.0953125 0.1125
0 0.60625 0.1796875 0.0765625 0.10625
0 0.03515625 0.72578125 0.0703125 0.109375
0 0.80546875 0.47578125 0.08125 0.115625
0 0.1328125 0.76796875 0.09375 0.159375
0 0.93515625 0.7796875 0.08125 0.1078125
0 0.88671875 0.59375 0.08125 0.128125
0 0.52734375 0.084375 0.075 0.1125
0 0.5578125 0.39453125 0.08125 0.115625
0 0.35390625 0.6984375 0.0859375 0.10625
0 0.2609375 0.778125 0.09375 0.14375
0 0.50546875 0.75234375 0.0828125 0.09375
0 0.4359375 0.840625 0.0828125 0.109375
0 0.51875 0.02421875 0.1015625 0.0484375
0 0.675 0.6234375 0.0703125 0.109375
0 0.365625 0.2578125 0.08125 0.10625
0 0.4890625 0.96328125 0.0875 0.0734375
0 0.85390625 0.51484375 0.071875 0.0921875
0 0.84765625 0.8265625 0.071875 0.103125
0 0.159375 0.6453125 0.0875 0.0953125
0 0.734375 0.6109375 0.0734375 0.09375
0 0.62734375 0.31328125 0.0796875 0.103125
0 0.0640625 0.5578125 0.096875 0.1078125
0 0.86171875 0.93203125 0.0765625 0.096875
0 0.875 0.728125 0.06875 0.109375
0 0.37734375 0.1609375 0.078125 0.096875
0 0.9703125 0.38828125 0.059375 0.10625
0 0.02578125 0.41015625 0.0515625 0.1125
0 0.13828125 0.06171875 0.0859375 0.1234375
0 0.9609375 0.91484375 0.078125 0.096875
0 0.01015625 0.55859375 0.0203125 0.1125
0 0.140625 0.5625 0.0734375 0.109375
0 0.10234375 0.484375 0.078125 0.096875
0 0.1609375 0.2921875 0.084375 0.1078125
0 0.1953125 0.69921875 0.071875 0.1125
0 0.24453125 0.98515625 0.0828125 0.0296875
0 0.05625 0.81328125 0.0890625 0.11875
0 0.671875 0.246875 0.09375 0.1125
0 0.30703125 0.6546875 0.08125 0.109375
0 0.0515625 0.92421875 0.078125 0.109375
0 0.13671875 0.959375 0.0796875 0.08125
0 0.65078125 0.4375 0.0703125 0.1046875
0 0.38359375 0.078125 0.084375 0.103125
0 0.38046875 0.79765625 0.071875 0.096875
0 0.0171875 0.65703125 0.034375 0.0875
0 0.01328125 0.95 0.0265625 0.096875
0 0.6359375 0.8203125 0.0828125 0.1078125
0 0.9421875 0.1875 0.0875 0.1109375
0 0.9296875 0.678125 0.0703125 0.109375
0 0.23125 0.25390625 0.078125 0.103125
0 0.79140625 0.63359375 0.065625 0.08125
0 0.75 0.97265625 0.084375 0.0546875
0 0.5875 0.67421875 0.075 0.103125
0 0.9703125 0.2859375 0.059375 0.103125
0 0.8125 0.38984375 0.084375 0.09375
0 0.675 0.90390625 0.075 0.1109375
0 0.39140625 0.6546875 0.090625 0.109375
0 0.06484375 0.209375 0.1125 0.153125
0 0.58203125 0.04609375 0.078125 0.0921875
0 0.13359375 0.21015625 0.078125 0.13125
0 0.08125 0.9671875 0.08125 0.065625
0 0.0765625 0.38828125 0.09375 0.13125
0 0.97265625 0.753125 0.0546875 0.08125
0 0.690625 0.8015625 0.0640625 0.109375
0 0.6453125 0.9578125 0.078125 0.084375
0 0.57265625 0.11796875 0.075 0.0859375
0 0.91015625 0.0359375 0.08125 0.071875
0 0.790625 0.32265625 0.08125 0.09375
0 0.746875 0.746875 0.075 0.103125
0 0.025 0.85390625 0.05 0.1171875
0 0.61640625 0.3875 0.0578125 0.090625
0 0.5875 0.46640625 0.071875 0.109375
0 0.39140625 0.0234375 0.071875 0.046875
0 0.92890625 0.43359375 0.06875 0.09375
0 0.5953125 0.76484375 0.075 0.1015625
0 0.47109375 0.046875 0.0671875 0.09375
0 0.72109375 0.11796875 0.0796875 0.103125
0 0.32421875 0.1765625 0.071875 0.103125
0 0.02421875 0.31328125 0.0484375 0.11875
0 0.41796875 0.7390625 0.08125 0.1
0 0.61015625 0.52734375 0.071875 0.1
0 0.978125 0.84296875 0.04375 0.1171875
0 0.80390625 0.1640625 0.1 0.10625
0 0.29375 0.49765625 0.075 0.1078125
0 0.246875 0.175 0.0890625 0.09375
0 0.61875 0.6171875 0.065625 0.103125
0 0.959375 0.090625 0.08125 0.109375
0 0.6171875 0.87578125 0.075 0.10625
0 0.49921875 0.18984375 0.0765625 0.134375
0 0.25625 0.94765625 0.075 0.09375
0 0.77265625 0.5515625 0.071875 0.121875
0 0.55625 0.884375 0.084375 0.115625
0 0.31953125 0.76015625 0.0765625 0.1046875
0 0.80625 0.2515625 0.08125 0.109375
0 0.29765625 0.87578125 0.084375 0.1125
0 0.44375 0.0140625 0.06875 0.028125
0 0.85859375 0.078125 0.08125 0.1125
0 0.4953125 0.490625 0.0765625 0.10625
0 0.9640625 0.9734375 0.071875 0.053125
0 0.34765625 0.028125 0.06875 0.05625
0 0.83046875 0.57578125 0.0625 0.0875
0 0.43515625 0.175 0.06875 0.1140625
0 0.82421875 0.88828125 0.071875 0.08125
0 0.46328125 0.34375 0.075 0.1015625
0 0.5 0.28046875 0.0859375 0.10625
0 0.4328125 0.98671875 0.096875 0.0265625
0 0.05 0.6265625 0.084375 0.10625
0 0.6953125 0.38984375 0.071875 0.115625
0 0.2703125 0.1125 0.071875 0.084375
0 0.54921875 0.2078125 0.075 0.128125
0 0.190625 0.04140625 0.071875 0.08125
0 0.5734375 0.31640625 0.06875 0.09375
0 0.52578125 0.54140625 0.0625 0.071875
0 0.25 0.6453125 0.0765625 0.084375
0 0.7421875 0.83359375 0.08125 0.096875
0 0.01484375 0.04609375 0.0296875 0.0921875
0 0.74296875 0.67734375 0.071875 0.075
0 0.92109375 0.259375 0.0734375 0.103125
0 0.31953125 0.56328125 0.075 0.090625
0 0.78828125 0.82265625 0.06875 0.096875
0 0.915625 0.5078125 0.06875 0.0890625
0 0.94296875 0.56875 0.0671875 0.096875
0 0.553125 0.72421875 0.071875 0.1
0 0.43203125 0.29140625 0.084375 0.096875
0 0.66328125 0.71796875 0.09375 0.1234375
0 0.815625 0.9640625 0.075 0.071875
0 0.90390625 0.115625 0.0703125 0.10625
0 0.221875 0.34609375 0.090625 0.125
0 0.265625 0.43515625 0.071875 0.0875
0 0.85234375 0.25546875 0.071875 0.1109375
0 0.365625 0.39296875 0.071875 0.11875
0 0.2375 0.8734375 0.0671875 0.09375
0 0.23515625 0.503125 0.0640625 0.11875
0 0.98203125 0.68203125 0.034375 0.11875
0 0.165625 0.46953125 0.0515625 0.1046875
0 0.2984375 0.2578125 0.0859375 0.1171875
0 0.18515625 0.159375 0.0875 0.1109375
0 0.115625 0.34140625 0.065625 0.096875
0 0.56875 0.58515625 0.071875 0.09375
0 0.9890625 0.57734375 0.021875 0.1125
0 0.8671875 0.43125 0.0734375 0.109375
0 0.9875 0.196875 0.025 0.1328125
0 0.5796875 0.925 0.08125 0.1
0 0.8 0.73359375 0.0734375 0.115625
0 0.01875 0.5015625 0.0375 0.109375
0 0.47890625 0.42109375 0.078125 0.10625
0 0.4171875 0.37578125 0.065625 0.115625
0 0.43125 0.45546875 0.075 0.103125
0 0.915625 0.96953125 0.071875 0.059375
0 0.88515625 0.29453125 0.0625 0.09375
0 0.05 0.4765625 0.0625 0.090625
0 0.5046875 0.8171875 0.0703125 0.0875
0 0.26875 0.3421875 0.05625 0.1328125
0 0.5796875 0.25078125 0.075 0.0875
0 0.9765625 0.4953125 0.046875 0.1078125
0 0.69453125 0.31640625 0.075 0.0890625
0 0.86171875 0.17109375 0.0671875 0.1
0 0.0625 0.0875 0.0875 0.1203125
0 0.559375 0.81015625 0.08125 0.0859375
0 0.846875 0.65859375 0.06875 0.1
0 0.70703125 0.4671875 0.065625 0.0734375
0 0.09375 0.875 0.075 0.1
0 0.19453125 0.38828125 0.078125 0.096875
0 0.75859375 0.0375 0.071875 0.075
0 0.653125 0.53046875 0.0625 0.1
0 0.209375 0.59296875 0.08125 0.1125
0 0.5359375 0.634375 0.0875 0.1078125
0 0.503125 0.6125 0.075 0.0859375
0 0.13515625 0.396875 0.05625 0.109375
0 0.7015625 0.95546875 0.059375 0.0890625
0 0.10546875 0.67578125 0.0734375 0.125
0 0.63515625 0.05703125 0.0671875 0.1140625
0 0.3203125 0.09609375 0.075 0.115625
0 0.33359375 0.8375 0.071875 0.103125
0 0.1421875 0.85234375 0.071875 0.09375
0 0.30078125 0.053125 0.075 0.10625
0 0.34765625 0.49765625 0.0671875 0.115625
0 0.1953125 0.97265625 0.06875 0.0546875
0 0.80625 0.053125 0.06875 0.10625
0 0.7484375 0.221875 0.0875 0.13125
0 0.88203125 0.81015625 0.0609375 0.0875
0 0.9921875 0.95078125 0.015625 0.096875
0 0.69921875 0.0453125 0.084375 0.090625
0 0.40546875 0.5359375 0.05625 0.078125
0 0.20703125 0.10078125 0.08125 0.078125
0 0.24140625 0.053125 0.078125 0.090625
0 0.1140625 0.12734375 0.075 0.0828125
0 0.5140625 0.34921875 0.071875 0.090625
0 0.8578125 0.9796875 0.065625 0.040625
0 0.41875 0.6015625 0.075 0.06875
0 0.965625 0.63203125 0.06875 0.0875
0 0.7015625 0.71171875 0.053125 0.11875
0 0.97578125 0.0359375 0.0484375 0.071875
0 0.01328125 0.215625 0.0265625 0.1296875
0 0.2515625 0.70078125 0.078125 0.084375
0 0.44609375 0.53046875 0.0625 0.0890625
0 0.26171875 0.02265625 0.0703125 0.0453125
0 0.4 0.4859375 0.0625 0.1078125
0 0.1109375 0.92421875 0.0765625 0.075
0 0.6796875 0.08671875 0.0671875 0.1140625
0 0.67265625 0.1640625 0.0734375 0.078125
0 0.740625 0.28984375 0.071875 0.096875
0 0.7421875 0.359375 0.065625 0.0875
0 0.6375 0.11796875 0.075 0.09375
0 0.715625 0.19609375 0.0640625 0.1
0 0.3578125 0.6015625 0.05625 0.0734375
0 0.5296875 0.47578125 0.0625 0.1
0 0.47109375 0.09921875 0.059375 0.0890625
0 0.8328125 0.75234375 0.06875 0.0859375
0 0.08515625 0.74140625 0.053125 0.1