0 0.54296875 0.8359375 0.1015625 0.0859375
0 0.6390625 0.9265625 0.090625 0.0734375
0 0.690625 0.0515625 0.109375 0.078125
0 0.46875 0.1078125 0.1 0.075
0 0.3890625 0.10546875 0.0796875 0.0734375
0 0.85078125 0.15546875 0.1015625 0.0875
0 0.95703125 0.8671875 0.0859375 0.08125
0 0.84453125 0.64921875 0.1 0.08125
0 0.55859375 0.9109375 0.103125 0.08125
0 0.53046875 0.96328125 0.103125 0.0734375
0 0.78828125 0.92109375 0.10625 0.096875
0 0.94921875 0.603125 0.1015625 0.071875
0 0.64375 0.4109375 0.1015625 0.078125
0 0.12421875 0.3578125 0.096875 0.071875
0 0.52265625 0.196875 0.090625 0.071875
0 0.9265625 0.15859375 0.0890625 0.075
0 0.834375 0.47734375 0.1140625 0.0765625
0 0.5734375 0.040625 0.11875 0.071875
0 0.6203125 0.86953125 0.1 0.071875
0 0.30625 0.67421875 0.1015625 0.075
0 0.42734375 0.05546875 0.0859375 0.0734375
0 0.66640625 0.50859375 0.09375 0.06875
0 0.35078125 0.0203125 0.1 0.040625
0 0.41015625 0.80703125 0.090625 0.071875
0 0.58984375 0.1703125 0.08125 0.06875
0 0.50078125 0.0671875 0.0796875 0.065625
0 0.32265625 0.2671875 0.084375 0.0671875
0 0.625 0.4765625 0.1 0.075
0 0.89453125 0.5375 0.10625 0.078125
0 0.6109375 0.6796875 0.084375 0.08125
0 0.75 0.65 0.125 0.08125
0 0.35234375 0.93515625 0.090625 0.0765625
0 0.39296875 0.5 0.115625 0.0625
0 0.9234375 0.4859375 0.096875 0.075
0 0.73515625 0.01875 0.09375 0.0375
0 0.8296875 0.39140625 0.096875 0.078125
0 0.86875 0.05859375 0.0875 0.06875
0 0.20625 0.53125 0.0984375 0.065625
0 0.62265625 0.55 0.103125 0.0671875
0 0.825 0.86015625 0.1 0.0796875
0 0.27265625 0.10859375 0.096875 0.071875
0 0.3984375 0.325 0.09375 0.0703125
0 0.42890625 0.1515625 0.1 0.0734375
0 0.10234375 0.69140625 0.1203125 0.0796875
0 0.04609375 0.3578125 0.0921875 0.090625
0 0.20546875 0.28359375 0.0890625 0.06875
0 0.68203125 0.2390625 0.10625 0.090625
0 0.65 0.01953125 0.096875 0.0375
0 0.53671875 0.13203125 0.1125 0.06875
0 0.70078125 0.4484375 0.0890625 0.071875
0 0.4875 0.60703125 0.0859375 0.0515625
0 0.91015625 0.3875 0.09375 0.0796875
0 0.3765625 0.546875 0.096875 0.0640625
0 0.6875 0.7953125 0.090625 0.078125
0 0.41953125 0.3953125 0.096875 0.078125
0 0.25546875 0.95078125 0.115625 0.090625
0 0.73515625 0.5859375 0.128125 0.0828125
0 0.53984375 0.7578125 0.096875 0.0796875
0 0.3265625 0.8078125 0.1 0.0703125
0 0.275 0.01875 0.084375 0.0375
0 0.8 0.80703125 0.109375 0.075
0 0.30078125 0.890625 0.103125 0.071875
0 0.72421875 0.69921875 0.1375 0.078125
0 0.19375 0.48359375 0.0890625 0.065625
0 0.55546875 0.58515625 0.0875 0.0578125
0 0.60078125 0.225 0.084375 0.071875
0 0.15 0.31640625 0.0765625 0.0640625
0 0.94921875 0.94765625 0.1015625 0.0859375
0 0.03515625 0.42421875 0.06875 0.0671875
0 0.96171875 0.196875 0.0765625 0.075
0 0.1203125 0.4796875 0.090625 0.071875
0 0.64453125 0.3015625 0.0890625 0.0703125
0 0.96640625 0.37109375 0.065625 0.0703125
0 0.45859375 0.30234375 0.090625 0.06875
0 0.8703125 0.9390625 0.09375 0.0640625
0 0.27890625 0.4921875 0.09375 0.0734375
0 0.32890625 0.315625 0.0859375 0.0625
0 0.43515625 0.2453125 0.09375 0.06875
0 0.92421875 0.334375 0.09375 0.06875
0 0.2609375 0.2328125 0.103125 0.08125
0 0.62890625 0.81484375 0.075 0.065625
0 0.47890625 0.73125 0.096875 0.0625
0 0.07578125 0.30390625 0.1046875 0.06875
0 0.04765625 0.47109375 0.09375 0.0625
0 0.72890625 0.98203125 0.0921875 0.0359375
0 0.38828125 0.21015625 0.125 0.06875
0 0.715625 0.375 0.0875 0.0703125
0 0.778125 0.0703125 0.084375 0.0703125
0 0.88359375 0.8203125 0.084375 0.0640625
0 0.33359375 0.11953125 0.0765625 0.0703125
0 0.61015625 0.1203125 0.071875 0.0671875
0 0.23515625 0.76328125 0.1390625 0.096875
0 0.42890625 0.5859375 0.078125 0.06875
0 0.9890625 0.63984375 0.021875 0.0796875
0 0.553125 0.31640625 0.09375 0.06875
0 0.27421875 0.6125 0.0875 0.0671875
0 0.23203125 0.7015625 0.115625 0.071875
0 0.7171875 0.8421875 0.125 0.075
0 0.4828125 0.5578125 0.09375 0.0625
0 0.55703125 0.0875 0.071875 0.0546875
0 0.98671875 0.27421875 0.025 0.078125
0 0.49375 0.80859375 0.1 0.0609375
0 0.70625 0.16328125 0.0875 0.065625
0 0.79921875 0.9765625 0.0921875 0.046875
0 0.19453125 0.65390625 0.096875 0.078125
0 0.1546875 0.1859375 0.09375 0.0703125
0 0.99296875 0.496875 0.0125 0.0875
0 0.1453125 0.58125 0.0828125 0.0609375
0 0.72421875 0.296875 0.096875 0.06875
0 0.7546875 0.21015625 0.1 0.0625
0 0.35 0.7140625 0.08125 0.0625
0 0.79453125 0.43359375 0.10625 0.06875
0 0.08671875 0.4046875 0.0828125 0.065625
0 0.9234375 0.02421875 0.096875 0.0484375
0 0.19375 0.115625 0.0921875 0.0875
0 0.46796875 0.85625 0.09375 0.065625
0 0.92421875 0.10546875 0.1234375 0.065625
0 0.815625 0.025 0.09375 0.05
0 0.38984375 0.2734375 0.078125 0.059375
0 0.6109375 0.340625 0.0921875 0.071875
0 0.965625 0.5453125 0.06875 0.1
0 0.20078125 0.06171875 0.090625 0.06875
0 0.64609375 0.1640625 0.065625 0.0640625
0 0.20390625 0.59453125 0.0828125 0.078125
0 0.81796875 0.61015625 0.0828125 0.059375
0 0.34921875 0.62890625 0.103125 0.071875
0 0.88046875 0.58984375 0.08125 0.0671875
0 0.81875 0.5515625 0.103125 0.0828125
0 0.3109375 0.03515625 0.071875 0.053125
0 0.46484375 0.946875 0.071875 0.05625
0 0.54375 0.69375 0.09375 0.071875
0 0.77578125 0.2609375 0.103125 0.08125
0 0.29921875 0.3734375 0.096875 0.0796875
0 0.765625 0.76796875 0.109375 0.0734375
0 0.9796875 0.71640625 0.040625 0.090625
0 0.03125 0.2859375 0.0625 0.071875
0 0.86015625 0.775 0.0984375 0.0671875
0 0.97421875 0.76796875 0.0515625 0.059375
0 0.9265625 0.25078125 0.140625 0.078125
0 0.82890625 0.09296875 0.078125 0.065625
0 0.40078125 0.98046875 0.0875 0.0390625
0 0.5984375 0.2765625 0.078125 0.0625
0 0.2453125 0.44609375 0.08125 0.075
0 0.95390625 0.8171875 0.0921875 0.06875
0 0.47890625 0.9828125 0.0921875 0.034375
0 0.8765625 0.8921875 0.0921875 0.0625
0 0.02421875 0.18125 0.0484375 0.0640625
0 0.08984375 0.8140625 0.0875 0.059375
0 0.715625 0.89921875 0.103125 0.0765625
0 0.2046875 0.4265625 0.103125 0.065625
0 0.6140625 0.5984375 0.071875 0.059375
0 0.91640625 0.74453125 0.10625 0.071875
0 0.515625 0.28203125 0.0921875 0.0546875
0 0.46875 0.90234375 0.1171875 0.06875
0 0.9640625 0.30234375 0.071875 0.0625
0 0.13828125 0.634375 0.075 0.0734375
0 0.753125 0.48515625 0.090625 0.065625
0 0.70390625 0.11875 0.090625 0.065625
0 0.06171875 0.02734375 0.0984375 0.0546875
0 0.37890625 0.8703125 0.125 0.090625
0 0.6375 0.7265625 0.109375 0.065625
0 0.8328125 0.32734375 0.115625 0.08125
0 0.309375 0.165625 0.08125 0.0640625
0 0.15078125 0.028125 0.0890625 0.05625
0 0.6234375 0.07109375 0.08125 0.0625
0 0.46171875 0.68828125 0.084375 0.0609375
0 0.20703125 0.0125 0.0828125 0.025
0 0.6890625 0.33671875 0.0875 0.059375
0 0.27578125 0.065625 0.0984375 0.0640625
0 0.9234375 0.69609375 0.125 0.075
0 0.1515625 0.8421875 0.084375 0.078125
0 0.6625 0.64453125 0.0890625 0.065625
0 0.07578125 0.196875 0.090625 0.075
0 0.53671875 0.53125 0.1 0.078125
0 0.98984375 0.32734375 0.0203125 0.0703125
0 0.11875 0.065625 0.096875 0.06875
0 0.78046875 0.1625 0.084375 0.0765625
0 0.8125 0.7328125 0.0875 0.0640625
0 0.153125 0.259375 0.078125 0.0625
0 0.54609375 0.2453125 0.0859375 0.0625
0 0.009375 0.49921875 0.01875 0.0703125
0 0.23046875 0.98515625 0.121875 0.0296875
0 0.721875 0.5375 0.1 0.0703125
0 0.35234375 0.4125 0.090625 0.065625
0 0.96796875 0.0359375 0.0640625 0.071875
0 0.09453125 0.55 0.1 0.0671875
0 0.071875 0.64453125 0.096875 0.06875
0 0.184375 0.940625 0.09375 0.08125
0 0.03125 0.69375 0.0625 0.0671875
0 0.975 0.00703125 0.05 0.0125
0 0.8453125 0.22421875 0.09375 0.06875
0 0.0984375 0.6046875 0.078125 0.065625
0 0.296875 0.54296875 0.096875 0.0703125
0 0.971875 0.13203125 0.05625 0.08125
0 0.49609375 0.01796875 0.0734375 0.0359375
0 0.228125 0.17578125 0.09375 0.071875
0 0.0890625 0.11171875 0.090625 0.065625
0 0.22890625 0.371875 0.103125 0.071875
0 0.903125 0.97578125 0.125 0.0484375
0 0.1296875 0.97734375 0.1234375 0.0453125
0 0.37578125 0.45078125 0.1046875 0.059375
0 0.42578125 0.01953125 0.0765625 0.0390625
0 0.26875 0.30546875 0.075 0.071875
0 0.39296875 0.68359375 0.075 0.071875
0 0.9890625 0.903125 0.021875 0.071875
0 0.57890625 0.44375 0.06875 0.071875
0 0.0296875 0.621875 0.059375 0.06875
0 0.80234375 0.68984375 0.090625 0.0609375
0 0.46875 0.3671875 0.0765625 0.071875
0 0.03203125 0.0875 0.0640625 0.059375
0 0.15625 0.71484375 0.0671875 0.0640625
0 0.95625 0.43203125 0.0875 0.0875
0 0.0109375 0.1125 0.021875 0.071875
0 0.59296875 0.378125 0.084375 0.0625
0 0.71796875 0.94609375 0.096875 0.0625
0 0.01484375 0.02890625 0.028125 0.0578125
0 0.04765625 0.14375 0.090625 0.0625
0 0.98125 0.8109375 0.0375 0.0703125
0 0.025 0.2359375 0.05 0.065625
0 0.6 0.77109375 0.090625 0.071875
0 0.565625 0.63515625 0.109375 0.059375
0 0.0421875 0.89609375 0.084375 0.0765625
0 0.4546875 0.43984375 0.09375 0.05625
0 0.3890625 0.7515625 0.1078125 0.075
0 0.06171875 0.509375 0.0875 0.0609375
0 0.96171875 0.65859375 0.0765625 0.0671875
0 0.9671875 0.98671875 0.065625 0.0265625
0 0.30234375 0.43203125 0.0875 0.078125
0 0.07421875 0.8578125 0.075 0.0671875
0 0.1140625 0.91171875 0.096875 0.090625
0 0.35390625 0.58125 0.1078125 0.059375
0 0.48671875 0.4765625 0.1078125 0.05625
0 0.009375 0.6578125 0.01875 0.0734375
0 0.76640625 0.371875 0.078125 0.06875
0 0.69765625 0.7453125 0.103125 0.0609375
0 0.08984375 0.25859375 0.096875 0.0578125
0 0.56015625 0.00703125 0.0859375 0.0140625
0 0.2421875 0.8125 0.10625 0.05625
0 0.2546875 0.559375 0.075 0.065625
0 0.6640625 0.59375 0.0765625 0.06875
0 0.93984375 0.0625 0.090625 0.059375
0 0.0234375 0.55390625 0.046875 0.0875
0 0.5359375 0.36640625 0.096875 0.0671875
0 0.35390625 0.36875 0.0828125 0.071875
0 0.24609375 0.859375 0.096875 0.065625
0 0.1984375 0.884375 0.1078125 0.065625
0 0.065625 0.05625 0.1 0.059375
0 0.4578125 0.646875 0.0796875 0.05
0 0.13359375 0.53359375 0.0859375 0.0625
0 0.453125 0.52734375 0.08125 0.0546875
0 0.4609375 0.19375 0.0671875 0.05625
0 0.1296875 0.21796875 0.08125 0.0625
0 0.02421875 0.971875 0.0484375 0.05625
0 0.02734375 0.83984375 0.0546875 0.0578125
0 0.3296875 0.98515625 0.1 0.0296875
0 0.48359375 0.2359375 0.075 0.059375
0 0.36875 0.1640625 0.071875 0.05625
0 0.02890625 0.73359375 0.0578125 0.0515625
0 0.05234375 0.58203125 0.090625 0.0640625
0 0.9171875 0.64296875 0.065625 0.0640625
0 0.7109375 0.07734375 0.075 0.04375
0 0.75859375 0.32265625 0.08125 0.0703125
0 0.515625 0.653125 0.134375 0.053125
0 0.12578125 0.7609375 0.1 0.075
0 0.78671875 0.525 0.1109375 0.0609375
0 0.13828125 0.41953125 0.0703125 0.071875
0 0.13359375 0.10625 0.0671875 0.059375
0 0.89140625 0.196875 0.078125 0.0484375
0 0.1921875 0.23125 0.0640625 0.065625
0 0.10234375 0.14296875 0.0875 0.06875
0 0.528125 0.4703125 0.065625 0.0453125
0 0.865625 0.715625 0.06875 0.06875
0 0.653125 0.97890625 0.096875 0.0421875
0 0.33125 0.20703125 0.0796875 0.0625
0 0.340625 0.07109375 0.0765625 0.05625
0 0.5875 0.5046875 0.0796875 0.0609375
0 0.00703125 0.3234375 0.0125 0.065625
0 0.41484375 0.9453125 0.071875 0.059375
0 0.18203125 0.3765625 0.075 0.0703125
0 0.0453125 0.34453125 0.0796875 0.046875