0 0.5640625 0.928125 0.06875 0.10859375
0 0.76171875 0.80625 0.075 0.0875
0 0.68359375 0.8078125 0.07265625 0.1046875
0 0.95703125 0.51640625 0.07265625 0.08984375
0 0.146875 0.7140625 0.07578125 0.0921875
0 0.29140625 0.29921875 0.06640625 0.1
0 0.6265625 0.86171875 0.071875 0.10390625
0 0.1546875 0.59140625 0.08046875 0.11328125
0 0.68359375 0.609375 0.075 0.103125
0 0.74296875 0.628125 0.0734375 0.10078125
0 0.615625 0.37265625 0.06171875 0.09296875
0 0.8875 0.3234375 0.0671875 0.08203125
0 0.31875 0.79453125 0.07109375 0.096875
0 0.6640625 0.38984375 0.0625 0.10390625
0 0.51796875 0.81875 0.078125 0.09921875
0 0.9203125 0.2609375 0.07890625 0.09921875
0 0.3609375 0.0953125 0.0578125 0.0828125
0 0.31171875 0.93359375 0.07109375 0.10234375
0 0.61640625 0.60859375 0.0734375 0.09921875
0 0.6734375 0.89609375 0.07109375 0.0859375
0 0.14609375 0.515625 0.071875 0.07578125
0 0.0328125 0.8875 0.065625 0.1
0 0.68515625 0.1296875 0.071875 0.0921875
0 0.184375 0.465625 0.0703125 0.0953125
0 0.7796875 0.95 0.06640625 0.0828125
0 0.06484375 0.60625 0.0703125 0.0953125
0 0.11484375 0.45703125 0.07265625 0.08671875
0 0.7265625 0.7640625 0.06875 0.09609375
0 0.515625 0.72578125 0.078125 0.11171875
0 0.76796875 0.884375 0.08125 0.0921875
0 0.63359375 0.2109375 0.0640625 0.08828125
0 0.4828125 0.10703125 0.071875 0.1234375
0 0.81953125 0.8984375 0.07109375 0.09375
0 0.584375 0.15234375 0.059375 0.0765625
0 0.046875 0.80546875 0.0703125 0.08828125
0 0.075 0.73203125 0.0765625 0.09296875
0 0.22421875 0.51328125 0.07578125 0.090625
0 0.0765625 0.51171875 0.07890625 0.09375
0 0.27109375 0.54453125 0.071875 0.09609375
0 0.575 0.71484375 0.08046875 0.121875
0 0.7109375 0.68515625 0.07265625 0.0890625
0 0.490625 0.59375 0.06953125 0.07890625
0 0.5109375 0.19765625 0.06796875 0.096875
0 0.8265625 0.39453125 0.071875 0.08984375
0 0.25078125 0.34609375 0.065625 0.08515625
0 0.66953125 0.27734375 0.06484375 0.08984375
0 0.915625 0.6671875 0.0890625 0.10546875
0 0.8390625 0.33203125 0.0625 0.08125
0 0.3125 0.59453125 0.07421875 0.1015625
0 0.67890625 0.19921875 0.06484375 0.07890625
0 0.4109375 0.2390625 0.08203125 0.13125
0 0.84921875 0.4578125 0.07265625 0.0984375
0 0.2625 0.7609375 0.08515625 0.09453125
0 0.08125 0.04765625 0.06484375 0.09453125
0 0.25625 0.61796875 0.06640625 0.08125
0 0.48046875 0.53125 0.05859375 0.0875
0 0.8578125 0.7078125 0.06484375 0.09140625
0 0.85390625 0.63046875 0.071875 0.09375
0 0.84296875 0.1578125 0.0625 0.07734375
0 0.49375 0.3046875 0.0671875 0.096875
0 0.84140625 0.53515625 0.0703125 0.08828125
0 0.4390625 0.4609375 0.053125 0.07890625
0 0.9078125 0.43203125 0.06953125 0.09296875
0 0.19453125 0.70390625 0.0578125 0.0859375
0 0.53125 0.5671875 0.06640625 0.08671875
0 0.421875 0.38671875 0.071875 0.10546875
0 0.578125 0.41875 0.06953125 0.08046875
0 0.24609375 0.834375 0.0578125 0.08828125
0 0.46796875 0.715625 0.04609375 0.1109375
0 0.81875 0.06015625 0.05 0.078125
0 0.36875 0.32578125 0.0625 0.0890625
0 0.33828125 0.53359375 0.06484375 0.0890625
0 0.76171875 0.41484375 0.07109375 0.09453125
0 0.08671875 0.90625 0.071875 0.090625
0 0.93984375 0.38515625 0.06484375 0.11015625
0 0.97890625 0.90390625 0.0421875 0.0859375
0 0.4046875 0.73671875 0.07265625 0.09765625
0 0.79921875 0.13046875 0.06640625 0.096875
0 0.6140625 0.1 0.06328125 0.08828125
0 0.93984375 0.734375 0.0578125 0.0875
0 0.8703125 0.2125 0.0640625 0.0875
0 0.56953125 0.2078125 0.0734375 0.08203125
0 0.38125 0.66484375 0.07421875 0.08828125
0 0.16875 0.059375 0.05078125 0.0890625
0 0.40625 0.134375 0.06796875 0.096875
0 0.24140625 0.92421875 0.08203125 0.11875
0 0.84375 0.81953125 0.05390625 0.1171875
0 0.16796875 0.8265625 0.05625 0.096875
0 0.61015625 0.7921875 0.0765625 0.09453125
0 0.24140625 0.68828125 0.06171875 0.084375
0 0.35859375 0.60859375 0.065625 0.084375
0 0.1390625 0.91640625 0.06171875 0.07421875
0 0.665625 0.97734375 0.084375 0.0453125
0 0.36640625 0.396875 0.07109375 0.08046875
0 0.04453125 0.4109375 0.0625 0.08203125
0 0.18125 0.9515625 0.06484375 0.08203125
0 0.36640625 0.7734375 0.0703125 0.1
0 0.73046875 0.2109375 0.0609375 0.096875
0 0.33984375 0.1609375 0.0765625 0.09140625
0 0.12578125 0.390625 0.06484375 0.08203125
0 0.45234375 0.3453125 0.05703125 0.06953125
0 0.11640625 0.7765625 0.06328125 0.08359375
0 0.65390625 0.653125 0.06875 0.0875
0 0.19609375 0.38828125 0.05859375 0.0828125
0 0.11875 0.2953125 0.0625 0.07265625
0 0.54140625 0.33984375 0.06328125 0.0828125
0 0.2421875 0.46015625 0.0546875 0.07109375
0 0.7796875 0.746875 0.06640625 0.071875
0 0.0625 0.67890625 0.06171875 0.0765625
0 0.24296875 0.4 0.059375 0.05546875
0 0.203125 0.8859375 0.05703125 0.08828125
0 0.77578125 0.69140625 0.0703125 0.06953125
0 0.5640625 0.1046875 0.05859375 0.08125
0 0.87734375 0.975 0.071875 0.05
0 0.61875 0.95 0.08671875 0.1
0 0.53515625 0.14609375 0.06328125 0.06484375
0 0.4421875 0.78515625 0.0625 0.08359375
0 0.45 0.60390625 0.05234375 0.08125
0 0.85234375 0.0828125 0.06953125 0.1046875
0 0.20078125 0.77109375 0.05546875 0.08203125
0 0.96484375 0.16171875 0.06640625 0.08984375
0 0.55390625 0.2703125 0.06171875 0.07890625
0 0.9234375 0.58671875 0.071875 0.09375
0 0.2 0.13671875 0.071875 0.10625
0 0.2890625 0.04296875 0.0703125 0.08515625
0 0.4140625 0.5203125 0.084375 0.10390625
0 0.54609375 0.03203125 0.0578125 0.0640625
0 0.46796875 0.234375 0.0640625 0.10859375
0 0.5171875 0.64296875 0.06328125 0.09140625
0 0.78359375 0.4609375 0.07578125 0.07890625
0 0.7546875 0.08984375 0.05625 0.07890625
0 0.92734375 0.81875 0.065625 0.08671875
0 0.28515625 0.68828125 0.06875 0.08671875
0 0.09296875 0.1359375 0.06953125 0.090625
0 0.571875 0.85625 0.06640625 0.078125
0 0.121875 0.08984375 0.0609375 0.09765625
0 0.3546875 0.85234375 0.05859375 0.084375
0 0.6953125 0.05625 0.065625 0.1
0 0.33671875 0.6921875 0.071875 0.11328125
0 0.115625 0.96328125 0.0875 0.0734375
0 0.2484375 0.18671875 0.07421875 0.084375
0 0.5265625 0.97109375 0.07890625 0.0546875
0 0.3640625 0.2515625 0.053125 0.08515625
0 0.890625 0.75859375 0.0734375 0.10546875
0 0.0234375 0.6796875 0.04609375 0.090625
0 0.4546875 0.1671875 0.05546875 0.0640625
0 0.109375 0.246875 0.06640625 0.075
0 0.04140625 0.140625 0.07265625 0.09453125
0 0.63203125 0.14609375 0.06015625 0.06953125
0 0.8125 0.5953125 0.06796875 0.0859375
0 0.08671875 0.840625 0.0546875 0.0796875
0 0.36328125 0.48046875 0.05703125 0.09765625
0 0.89453125 0.10234375 0.05703125 0.0859375
0 0.69375 0.54296875 0.05 0.1
0 0.51640625 0.38671875 0.0640625 0.0921875
0 0.034375 0.25390625 0.059375 0.096875
0 0.60625 0.47578125 0.06015625 0.078125
0 0.44765625 0.9578125 0.0921875 0.08203125
0 0.48359375 0.034375 0.0578125 0.0671875
0 0.671875 0.73671875 0.0609375 0.08671875
0 0.71640625 0.303125 0.065625 0.07578125
0 0.2734375 0.9671875 0.0625 0.06171875
0 0.77578125 0.29921875 0.075 0.08828125
0 0.3171875 0.46015625 0.0546875 0.0765625
0 0.98359375 0.41875 0.03203125 0.1125
0 0.65390625 0.0703125 0.06171875 0.0765625
0 0.62109375 0.03046875 0.06953125 0.0609375
0 0.2109375 0.034375 0.06796875 0.0671875
0 0.56953125 0.59453125 0.05703125 0.065625
0 0.2625 0.11796875 0.06875 0.09921875
0 0.84921875 0.2703125 0.06484375 0.07265625
0 0.3171875 0.3640625 0.0796875 0.10546875
0 0.74296875 0.3546875 0.05546875 0.0859375
0 0.2453125 0.26015625 0.059375 0.10546875
0 0.97734375 0.82890625 0.0453125 0.08671875
0 0.97109375 0.58515625 0.05234375 0.09296875
0 0.1265625 0.846875 0.06171875 0.0890625
0 0.48359375 0.4421875 0.0609375 0.1109375
0 0.51171875 0.91953125 0.0671875 0.09765625
0 0.8828125 0.38828125 0.06171875 0.07578125
0 0.78984375 0.5328125 0.0578125 0.08671875
0 0.0828125 0.39375 0.0515625 0.071875
0 0.90703125 0.93203125 0.05234375 0.05546875
0 0.584375 0.33671875 0.05390625 0.09921875
0 0.18359375 0.21875 0.06875 0.0953125
0 0.86640625 0.0375 0.0734375 0.071875
0 0.7125 0.24921875 0.06640625 0.071875
0 0.290625 0.84453125 0.06171875 0.0890625
0 0.5859375 0.0578125 0.05703125 0.0890625
0 0.2828125 0.46328125 0.05625 0.08203125
0 0.2125 0.97890625 0.07421875 0.04140625
0 0.0984375 0.571875 0.05703125 0.07578125
0 0.31328125 0.9828125 0.07890625 0.03359375
0 0.0609375 0.971875 0.065625 0.05546875
0 0.0171875 0.61171875 0.03203125 0.08671875
0 0.39296875 0.58359375 0.08046875 0.08984375
0 0.3984375 0.8328125 0.0609375 0.08984375
0 0.42890625 0.8859375 0.07421875 0.10234375
0 0.0609375 0.3046875 0.06875 0.090625
0 0.02578125 0.75234375 0.05078125 0.0796875
0 0.1609375 0.1328125 0.04921875 0.08515625
0 0.21171875 0.2578125 0.0421875 0.10078125
0 0.35703125 0.946875 0.065625 0.10234375
0 0.55703125 0.790625 0.059375 0.07890625
0 0.78359375 0.23515625 0.0671875 0.1
0 0.20859375 0.63359375 0.06328125 0.08671875
0 0.3984375 0.04140625 0.08203125 0.08203125
0 0.52109375 0.084375 0.05859375 0.09140625
0 0.02265625 0.55390625 0.04140625 0.0796875
0 0.97578125 0.31640625 0.04453125 0.0671875
0 0.71015625 0.38046875 0.05546875 0.10390625
0 0.55859375 0.48046875 0.06328125 0.0875
0 0.82109375 0.9734375 0.0734375 0.053125
0 0.725 0.94765625 0.08125 0.103125
0 0.02421875 0.96875 0.04296875 0.05859375
0 0.01640625 0.38828125 0.03203125 0.10078125
0 0.078125 0.19921875 0.06796875 0.0828125
0 0.95078125 0.95234375 0.06953125 0.09453125
0 0.81875 0.671875 0.05703125 0.08515625
0 0.12578125 0.0296875 0.05078125 0.0578125
0 0.9390625 0.07265625 0.0640625 0.11484375
0 0.62421875 0.7046875 0.059375 0.09140625
0 0.31953125 0.0796875 0.06328125 0.07421875
0 0.68515625 0.4640625 0.05546875 0.08671875
0 0.02265625 0.46796875 0.04453125 0.07890625
0 0.60703125 0.26015625 0.0625 0.078125
0 0.9453125 0.33125 0.0640625 0.07109375
0 0.46953125 0.8875 0.0671875 0.11796875
0 0.11640625 0.64453125 0.05859375 0.1015625
0 0.8828125 0.50234375 0.053125 0.0828125
0 0.16640625 0.2859375 0.065625 0.1
0 0.62109375 0.303125 0.0625 0.0921875
0 0.634375 0.44375 0.0546875 0.07421875
0 0.83046875 0.74375 0.06328125 0.0703125
0 0.98046875 0.69140625 0.0390625 0.0875
0 0.721875 0.44921875 0.0578125 0.0921875
0 0.5703125 0.6484375 0.07109375 0.0734375
0 0.7765625 0.190625 0.0640625 0.0703125
0 0.40390625 0.95 0.05703125 0.07578125
0 0.75546875 0.98203125 0.0796875 0.0359375
0 0.32265625 0.2453125 0.06015625 0.096875
0 0.9859375 0.96328125 0.028125 0.0734375
0 0.34140625 0.03359375 0.05 0.06015625
0 0.3890625 0.98359375 0.071875 0.0328125
0 0.9578125 0.46015625 0.05546875 0.06875
0 0.74609375 0.5359375 0.07109375 0.1046875
0 0.8234375 0.22109375 0.06171875 0.09140625
0 0.9703125 0.03125 0.0546875 0.059375
0 0.89453125 0.159375 0.05859375 0.07265625
0 0.91640625 0.0296875 0.06640625 0.0578125
0 0.0125 0.809375 0.02421875 0.0859375
0 0.6453125 0.5234375 0.06015625 0.084375
0 0.93203125 0.1421875 0.0609375 0.0875
0 0.03828125 0.05859375 0.06796875 0.10625
0 0.96796875 0.22890625 0.0578125 0.0734375
0 0.6375 0.7625 0.0625 0.1046875
0 0.87421875 0.5828125 0.059375 0.07890625
0 0.134375 0.19609375 0.05703125 0.08046875
0 0.03515625 0.34453125 0.0609375 0.08359375
0 0.58203125 0.53828125 0.07578125 0.07890625
0 0.29453125 0.20625 0.0578125 0.096875
0 0.7453125 0.0375 0.04765625 0.06875
0 0.98671875 0.50703125 0.0265625 0.1078125
0 0.74453125 0.14296875 0.0640625 0.06875
0 0.44453125 0.0609375 0.0453125 0.0828125
0 0.52734375 0.4578125 0.0578125 0.08515625
0 0.1625 0.39453125 0.0453125 0.08984375
0 0.45390625 0.83359375 0.065625 0.06171875
0 0.09375 0.3484375 0.06640625 0.06328125
0 0.78515625 0.34765625 0.07265625 0.0828125
0 0.44296875 0.1234375 0.0453125 0.084375
0 0.16484375 0.35234375 0.05078125 0.0671875
0 0.4796875 0.76875 0.0640625 0.08515625
0 0.21953125 0.08125 0.06171875 0.0875
0 0.5140625 0.5078125 0.05546875 0.084375
0 0.51171875 0.25546875 0.04765625 0.06328125
0 0.17109375 0.01796875 0.05390625 0.0328125
0 0.66328125 0.02109375 0.0609375 0.0375
0 0.921875 0.2015625 0.0609375 0.065625
0 0.23203125 0.59296875 0.0578125 0.10625
0 0.98203125 0.2640625 0.0359375 0.071875
0 0.425 0.3125 0.065625 0.07421875
0 0.1609375 0.66171875 0.059375 0.0625
0 0.58359375 0.97890625 0.0734375 0.0421875
0 0.65390625 0.47109375 0.06015625 0.0703125
0 0.98046875 0.084375 0.0390625 0.103125
0 0.98359375 0.36796875 0.0328125 0.0734375
0 0.9171875 0.48046875 0.0546875 0.0734375
0 0.9734375 0.76328125 0.05234375 0.08828125
0 0.68828125 0.3390625 0.06796875 0.0828125
0 0.7671875 0.57109375 0.07265625 0.07734375
0 0.0171875 0.31015625 0.03125 0.0859375
0 0.78359375 0.04453125 0.0390625 0.0890625
0 0.9109375 0.865625 0.04921875 0.07578125
0 0.43203125 0.67578125 0.0453125 0.08203125
0 0.26796875 0.89296875 0.046875 0.084375
0 0.821875 0.79609375 0.05078125 0.09375