0 0.7875 0.62421875 0.0703125 0.0984375
0 0.86484375 0.8984375 0.0703125 0.0984375
0 0.6609375 0.37109375 0.05625 0.0984375
0 0.31875 0.53828125 0.07265625 0.0953125
0 0.84375 0.0453125 0.096875 0.090625
0 0.1953125 0.70859375 0.0734375 0.09140625
0 0.72890625 0.60703125 0.0734375 0.09921875
0 0.0625 0.67421875 0.065625 0.0890625
0 0.91640625 0.20625 0.0671875 0.08515625
0 0.565625 0.7203125 0.0765625 0.1125
0 0.88984375 0.15234375 0.06171875 0.075
0 0.096875 0.796875 0.0703125 0.0875
0 0.23046875 0.459375 0.0703125 0.0875
0 0.5375 0.30234375 0.06640625 0.0921875
0 0.2015625 0.584375 0.07890625 0.1078125
0 0.71796875 0.89140625 0.071875 0.09296875
0 0.71484375 0.27265625 0.06171875 0.0921875
0 0.81328125 0.8796875 0.0796875 0.09296875
0 0.365625 0.790625 0.07421875 0.09765625
0 0.9328125 0.31953125 0.0640625 0.0796875
0 0.728125 0.1234375 0.06953125 0.0828125
0 0.35859375 0.93125 0.0734375 0.10703125
0 0.7078125 0.3828125 0.05703125 0.10078125
0 0.73515625 0.04609375 0.06015625 0.0921875
0 0.72734375 0.80625 0.07734375 0.10546875
0 0.35703125 0.590625 0.071875 0.09765625
0 0.6734375 0.85703125 0.07421875 0.1078125
0 0.19375 0.50703125 0.07578125 0.07734375
0 0.48671875 0.45703125 0.06015625 0.07890625
0 0.16015625 0.45234375 0.07734375 0.09140625
0 0.3 0.34140625 0.06328125 0.08515625
0 0.846875 0.12421875 0.065625 0.0953125
0 0.6609375 0.60546875 0.0703125 0.0984375
0 0.0609375 0.74140625 0.075 0.07734375
0 0.51328125 0.7203125 0.0453125 0.12734375
0 0.6953125 0.64609375 0.06796875 0.08203125
0 0.51640625 0.52265625 0.0640625 0.0859375
0 0.67890625 0.20859375 0.06171875 0.08828125
0 0.809375 0.80546875 0.07109375 0.0875
0 0.334375 0.29453125 0.0671875 0.096875
0 0.8296875 0.9484375 0.06875 0.084375
0 0.0703125 0.878125 0.090625 0.10234375
0 0.240625 0.69375 0.05703125 0.084375
0 0.63125 0.14609375 0.0609375 0.06953125
0 0.8953125 0.45234375 0.071875 0.10078125
0 0.121875 0.5046875 0.078125 0.09921875
0 0.53359375 0.590625 0.06953125 0.08046875
0 0.61015625 0.921875 0.071875 0.11171875
0 0.56328125 0.8140625 0.0765625 0.09765625
0 0.8875 0.53359375 0.06796875 0.090625
0 0.871875 0.38984375 0.06875 0.09375
0 0.18828125 0.909375 0.0625 0.0765625
0 0.41328125 0.31640625 0.06328125 0.0921875
0 0.41015625 0.396875 0.0640625 0.08203125
0 0.10625 0.59609375 0.07734375 0.09453125
0 0.465625 0.37421875 0.07421875 0.11796875
0 0.40546875 0.0890625 0.05859375 0.08671875
0 0.30078125 0.6140625 0.06796875 0.0890625
0 0.4109375 0.7671875 0.06875 0.10078125
0 0.2484375 0.76640625 0.059375 0.0828125
0 0.5578125 0.19296875 0.06484375 0.0921875
0 0.29140625 0.83046875 0.06015625 0.08984375
0 0.62265625 0.415625 0.06640625 0.07578125
0 0.965625 0.25859375 0.06796875 0.0953125
0 0.30859375 0.75546875 0.08671875 0.09765625
0 0.03359375 0.9375 0.0671875 0.09609375
0 0.7234375 0.1953125 0.06484375 0.0828125
0 0.44609375 0.825 0.06171875 0.09296875
0 0.26640625 0.509375 0.06953125 0.090625
0 0.46171875 0.51875 0.07578125 0.0859375
0 0.59140625 0.03203125 0.0578125 0.0640625
0 0.16171875 0.76875 0.06328125 0.08515625
0 0.6203125 0.70859375 0.07578125 0.12265625
0 0.77109375 0.76171875 0.07109375 0.09765625
0 0.95703125 0.6625 0.0828125 0.09921875
0 0.8078125 0.4125 0.071875 0.096875
0 0.0828125 0.13515625 0.0671875 0.090625
0 0.4234375 0.6578125 0.071875 0.0890625
0 0.8859375 0.325 0.059375 0.0765625
0 0.65703125 0.096875 0.0640625 0.08984375
0 0.9390625 0.7484375 0.0703125 0.09296875
0 0.12890625 0.04609375 0.06640625 0.08984375
0 0.61640625 0.20390625 0.0765625 0.0796875
0 0.61796875 0.85234375 0.071875 0.0828125
0 0.4921875 0.6015625 0.0578125 0.08046875
0 0.27890625 0.91953125 0.07734375 0.11640625
0 0.28671875 0.684375 0.0609375 0.08671875
0 0.2421875 0.12890625 0.06796875 0.1015625
0 0.45625 0.22578125 0.0828125 0.121875
0 0.790625 0.34453125 0.0578125 0.0859375
0 0.33125 0.04296875 0.06875 0.0859375
0 0.7421875 0.53671875 0.07421875 0.09296875
0 0.7546875 0.6796875 0.06953125 0.0828125
0 0.28359375 0.1796875 0.07109375 0.09375
0 0.7671875 0.9375 0.0890625 0.11953125
0 0.5125 0.23515625 0.065625 0.12265625
0 0.403125 0.60390625 0.05859375 0.075
0 0.5671875 0.63828125 0.06015625 0.0890625
0 0.090625 0.40859375 0.0578125 0.08671875
0 0.5859375 0.334375 0.06484375 0.08359375
0 0.89765625 0.07890625 0.07109375 0.10703125
0 0.384375 0.70234375 0.07109375 0.0921875
0 0.97890625 0.73515625 0.04140625 0.08671875
0 0.01796875 0.50703125 0.03359375 0.09609375
0 0.028125 0.43359375 0.05546875 0.08203125
0 0.13515625 0.896875 0.07109375 0.0859375
0 0.82421875 0.68828125 0.07109375 0.071875
0 0.45 0.7328125 0.07109375 0.10078125
0 0.8984375 0.62890625 0.06875 0.0953125
0 0.2140625 0.05703125 0.05234375 0.08515625
0 0.86796875 0.971875 0.07578125 0.0546875
0 0.40859375 0.47890625 0.05703125 0.0953125
0 0.17109375 0.38125 0.0609375 0.084375
0 0.11953125 0.73046875 0.07265625 0.09609375
0 0.82890625 0.2921875 0.0734375 0.0890625
0 0.40546875 0.24765625 0.05234375 0.08359375
0 0.58203125 0.14453125 0.06328125 0.059375
0 0.69765625 0.06328125 0.06328125 0.0765625
0 0.53359375 0.03125 0.0578125 0.06171875
0 0.4859375 0.778125 0.06328125 0.07578125
0 0.6078125 0.09765625 0.0609375 0.07109375
0 0.5640625 0.38515625 0.0671875 0.09609375
0 0.3171875 0.11640625 0.07734375 0.0921875
0 0.7546875 0.24453125 0.0609375 0.07734375
0 0.709375 0.975 0.08359375 0.0484375
0 0.24140625 0.38515625 0.05390625 0.08359375
0 0.453125 0.13125 0.06640625 0.09609375
0 0.665625 0.29375 0.0609375 0.09140625
0 0.13515625 0.8296875 0.05859375 0.08125
0 0.16953125 0.08671875 0.059375 0.09375
0 0.1421875 0.56640625 0.06015625 0.08203125
0 0.16484375 0.96171875 0.08671875 0.0765625
0 0.65546875 0.78671875 0.0734375 0.09609375
0 0.5734375 0.96875 0.0828125 0.05859375
0 0.8890625 0.834375 0.08125 0.0984375
0 0.02109375 0.8484375 0.03984375 0.121875
0 0.33203125 0.68828125 0.06796875 0.09453125
0 0.11015625 0.671875 0.059375 0.07265625
0 0.57734375 0.55625 0.06953125 0.096875
0 0.67734375 0.14140625 0.05859375 0.07421875
0 0.31875 0.96328125 0.06171875 0.065625
0 0.8953125 0.2671875 0.06171875 0.0703125
0 0.96875 0.58515625 0.06015625 0.0921875
0 0.59609375 0.265625 0.0578125 0.08046875
0 0.0796875 0.24765625 0.0640625 0.09296875
0 0.96796875 0.81640625 0.059375 0.0890625
0 0.03984375 0.6015625 0.06953125 0.084375
0 0.90390625 0.70546875 0.0671875 0.09140625
0 0.61640625 0.58828125 0.05703125 0.0734375
0 0.02109375 0.6578125 0.03828125 0.0796875
0 0.21328125 0.8265625 0.05625 0.09921875
0 0.3359375 0.46875 0.07421875 0.0890625
0 0.56796875 0.078125 0.0546875 0.09765625
0 0.5 0.3421875 0.053125 0.06796875
0 0.40078125 0.846875 0.0578125 0.07421875
0 0.93828125 0.09609375 0.05625 0.08125
0 0.23046875 0.21640625 0.0671875 0.09375
0 0.36015625 0.36328125 0.07734375 0.10390625
0 0.246875 0.871875 0.06328125 0.08984375
0 0.28828125 0.39765625 0.0515625 0.05546875
0 0.8625 0.23125 0.06171875 0.103125
0 0.29765625 0.25234375 0.05625 0.1125
0 0.76015625 0.3015625 0.06328125 0.0796875
0 0.71875 0.73046875 0.06171875 0.08984375
0 0.828125 0.74453125 0.06875 0.07265625
0 0.83671875 0.45625 0.07109375 0.078125
0 0.76171875 0.446875 0.06953125 0.1
0 0.66796875 0.9484375 0.0859375 0.0921875
0 0.52421875 0.096875 0.06484375 0.11484375
0 0.17734375 0.83984375 0.0625 0.09453125
0 0.4953125 0.95546875 0.08984375 0.08515625
0 0.1234375 0.19140625 0.06796875 0.08125
0 0.84140625 0.521875 0.0578125 0.08125
0 0.26328125 0.07265625 0.0640625 0.08671875
0 0.85625 0.59375 0.0671875 0.08984375
0 0.940625 0.8859375 0.08125 0.12421875
0 0.803125 0.08515625 0.05859375 0.084375
0 0.384375 0.15859375 0.08125 0.09140625
0 0.77890625 0.2078125 0.0546875 0.1046875
0 0.38359375 0.52109375 0.0578125 0.0859375
0 0.13359375 0.13046875 0.06875 0.0921875
0 0.60078125 0.47265625 0.06328125 0.0828125
0 0.28984375 0.45078125 0.04296875 0.06015625
0 0.9796875 0.3953125 0.040625 0.103125
0 0.23046875 0.94453125 0.07109375 0.08671875
0 0.5125 0.88203125 0.07265625 0.125
0 0.25859375 0.97578125 0.07578125 0.04765625
0 0.36171875 0.98125 0.08125 0.03671875
0 0.98359375 0.934375 0.0328125 0.11015625
0 0.9234375 0.971875 0.07578125 0.053125
0 0.33671875 0.84140625 0.06484375 0.09140625
0 0.5 0.1625 0.05703125 0.06171875
0 0.984375 0.5125 0.03125 0.096875
0 0.63203125 0.33515625 0.046875 0.09140625
0 0.25625 0.25625 0.04140625 0.103125
0 0.03515625 0.25546875 0.06015625 0.0890625
0 0.51953125 0.39140625 0.05703125 0.09765625
0 0.5296875 0.44921875 0.0640625 0.08203125
0 0.953125 0.4296875 0.0796875 0.10078125
0 0.78828125 0.52265625 0.071875 0.10546875
0 0.75234375 0.36796875 0.05625 0.09375
0 0.071875 0.96328125 0.05 0.06640625
0 0.64921875 0.4671875 0.0578125 0.07734375
0 0.33828125 0.2 0.05625 0.103125
0 0.0828125 0.34140625 0.06171875 0.08203125
0 0.1625 0.2875 0.06640625 0.090625
0 0.44921875 0.04140625 0.08359375 0.08046875
0 0.8234375 0.20859375 0.06171875 0.11015625
0 0.44296875 0.4625 0.04453125 0.08125
0 0.79140625 0.1375 0.05703125 0.06953125
0 0.10390625 0.29765625 0.07109375 0.09609375
0 0.36796875 0.2421875 0.05859375 0.09609375
0 0.25234375 0.63125 0.0640625 0.0828125
0 0.98203125 0.321875 0.0359375 0.075
0 0.44609375 0.57734375 0.05390625 0.0921875
0 0.6890625 0.46171875 0.0515625 0.08828125
0 0.8046875 0.9828125 0.0796875 0.034375
0 0.63125 0.04765625 0.0578125 0.08671875
0 0.03203125 0.1546875 0.05546875 0.06953125
0 0.97578125 0.1375 0.04765625 0.09296875
0 0.06015625 0.54375 0.06875 0.08984375
0 0.10625 0.94296875 0.06640625 0.1
0 0.64609375 0.25703125 0.05859375 0.07578125
0 0.40234375 0.9078125 0.06640625 0.08125
0 0.4640625 0.88359375 0.071875 0.09140625
0 0.36640625 0.46015625 0.04921875 0.0859375
0 0.66953125 0.69375 0.0578125 0.09453125
0 0.66953125 0.02734375 0.059375 0.05390625
0 0.9390625 0.1546875 0.0515625 0.07109375
0 0.01796875 0.7640625 0.034375 0.0828125
0 0.0421875 0.80859375 0.06640625 0.084375
0 0.92578125 0.38359375 0.06171875 0.07734375
0 0.5609375 0.92109375 0.06640625 0.090625
0 0.38515625 0.0296875 0.05390625 0.0546875
0 0.06796875 0.46640625 0.0578125 0.071875
0 0.86328125 0.6703125 0.05390625 0.078125
0 0.31015625 0.89453125 0.07265625 0.10078125
0 0.44921875 0.94453125 0.053125 0.075
0 0.03203125 0.97890625 0.0640625 0.0421875
0 0.365625 0.0796875 0.05546875 0.0734375
0 0.91328125 0.03125 0.0671875 0.0609375
0 0.21171875 0.35 0.0453125 0.0578125
0 0.8734375 0.74140625 0.0640625 0.0734375
0 0.25625 0.02578125 0.0671875 0.05078125
0 0.4859375 0.05078125 0.046875 0.0890625
0 0.91875 0.5796875 0.0625 0.07890625
0 0.1953125 0.1921875 0.05859375 0.07890625
0 0.1328125 0.3828125 0.046875 0.07734375
0 0.43046875 0.98203125 0.07265625 0.0359375
0 0.1453125 0.24375 0.075 0.08359375
0 0.56171875 0.49296875 0.0515625 0.07890625
0 0.821875 0.57421875 0.0625 0.07109375
0 0.40859375 0.95546875 0.06484375 0.0890625
0 0.1609375 0.63125 0.05859375 0.08203125
0 0.60234375 0.784375 0.0625 0.0828125
0 0.20390625 0.2578125 0.0546875 0.084375
0 0.6828125 0.7546875 0.06171875 0.1
0 0.20703125 0.6546875 0.05625 0.059375
0 0.17421875 0.02578125 0.053125 0.0515625
0 0.97265625 0.9828125 0.0515625 0.034375
0 0.56015625 0.2515625 0.05390625 0.06171875
0 0.8640625 0.80078125 0.0671875 0.103125
0 0.96796875 0.0328125 0.06328125 0.06484375
0 0.76640625 0.06015625 0.05234375 0.096875
0 0.04609375 0.38984375 0.0671875 0.0875
0 0.24375 0.31328125 0.0546875 0.075
0 0.93046875 0.5015625 0.05234375 0.0875
0 0.9703125 0.196875 0.05078125 0.0609375
0 0.04453125 0.10625 0.0578125 0.05703125
0 0.01796875 0.70546875 0.034375 0.06328125
0 0.21796875 0.3015625 0.059375 0.075
0 0.0328125 0.34296875 0.05703125 0.0890625
0 0.690625 0.5203125 0.0578125 0.08515625
0 0.48828125 0.11640625 0.04375 0.078125
0 0.6375 0.971875 0.08125 0.053125
0 0.2 0.12421875 0.053125 0.084375
0 0.72578125 0.46171875 0.08515625 0.08671875
0 0.03203125 0.2015625 0.05625 0.06484375
0 0.6140625 0.64375 0.0671875 0.07265625
0 0.78359375 0.02890625 0.05703125 0.0546875
0 0.08515625 0.059375 0.0734375 0.103125
0 0.49921875 0.82890625 0.06484375 0.06015625
0 0.371875 0.65234375 0.0578125 0.06015625
0 0.13984375 0.3421875 0.05859375 0.06484375
0 0.9265625 0.78828125 0.06875 0.08515625
0 0.40390625 0.546875 0.05625 0.07421875
0 0.475 0.66640625 0.0515625 0.084375