0 0.715625 0.8046875 0.078125 0.1078125
0 0.6859375 0.65 0.06953125 0.08671875
0 0.71640625 0.6046875 0.07734375 0.09375
0 0.190625 0.58671875 0.0765625 0.1078125
0 0.70703125 0.89296875 0.07109375 0.09140625
0 0.5453125 0.81796875 0.0765625 0.0953125
0 0.66171875 0.86171875 0.07109375 0.1125
0 0.08359375 0.80234375 0.07421875 0.08515625
0 0.184375 0.71484375 0.0703125 0.09375
0 0.23828125 0.76953125 0.059375 0.0875
0 0.90625 0.21328125 0.0640625 0.0890625
0 0.1125 0.7296875 0.0734375 0.09609375
0 0.21875 0.4609375 0.07265625 0.08984375
0 0.8609375 0.39296875 0.06953125 0.096875
0 0.56484375 0.56015625 0.06953125 0.08984375
0 0.51328125 0.10546875 0.06875 0.12109375
0 0.88828125 0.6296875 0.06875 0.09296875
0 0.0578125 0.884375 0.0828125 0.096875
0 0.71875 0.1265625 0.07578125 0.08984375
0 0.30234375 0.54375 0.07109375 0.09609375
0 0.29921875 0.75859375 0.084375 0.0984375
0 0.88671875 0.45546875 0.06953125 0.096875
0 0.5078125 0.528125 0.06796875 0.0859375
0 0.7125 0.19609375 0.06640625 0.08046875
0 0.665625 0.20859375 0.06015625 0.0859375
0 0.8375 0.1296875 0.065625 0.0984375
0 0.34609375 0.9328125 0.075 0.10390625
0 0.18203125 0.51328125 0.06953125 0.071875
0 0.9515625 0.66328125 0.0921875 0.10390625
0 0.34375 0.59453125 0.06953125 0.09453125
0 0.11171875 0.50703125 0.07734375 0.0953125
0 0.44140625 0.134375 0.07265625 0.1
0 0.2859375 0.34375 0.06484375 0.0859375
0 0.95625 0.26171875 0.078125 0.09375
0 0.74375 0.6828125 0.06953125 0.08359375
0 0.853125 0.0546875 0.05234375 0.07890625
0 0.04921875 0.7421875 0.07578125 0.07578125
0 0.65234375 0.371875 0.06015625 0.09296875
0 0.29140625 0.61484375 0.0671875 0.08203125
0 0.1515625 0.45625 0.07109375 0.08671875
0 0.4015625 0.31953125 0.0625 0.090625
0 0.6109375 0.7125 0.07734375 0.12265625
0 0.41328125 0.6625 0.0765625 0.08984375
0 0.5546875 0.7265625 0.075 0.1109375
0 0.35546875 0.79296875 0.06953125 0.09453125
0 0.1625 0.38515625 0.0578125 0.084375
0 0.59296875 0.92265625 0.07109375 0.10078125
0 0.23359375 0.13203125 0.06875 0.10390625
0 0.77734375 0.62578125 0.0703125 0.096875
0 0.54296875 0.1921875 0.065625 0.09140625
0 0.5671875 0.971875 0.08828125 0.0546875
0 0.43828125 0.734375 0.07109375 0.09921875
0 0.6359375 0.46953125 0.05625 0.0765625
0 0.47890625 0.46015625 0.065625 0.078125
0 0.94453125 0.4296875 0.06875 0.0875
0 0.63984375 0.79296875 0.0734375 0.09296875
0 0.45625 0.3828125 0.07421875 0.109375
0 0.80546875 0.88125 0.08046875 0.09296875
0 0.79375 0.409375 0.07265625 0.0875
0 0.3921875 0.6046875 0.0609375 0.0765625
0 0.08203125 0.409375 0.059375 0.08671875
0 0.89296875 0.70703125 0.07109375 0.0875
0 0.61640625 0.41875 0.06640625 0.0765625
0 0.50078125 0.725 0.04140625 0.13046875
0 0.68671875 0.065625 0.05859375 0.0765625
0 0.2828125 0.82734375 0.05390625 0.08203125
0 0.0546875 0.67578125 0.06328125 0.0890625
0 0.85234375 0.90078125 0.0703125 0.09765625
0 0.58515625 0.26796875 0.0609375 0.078125
0 0.875 0.53828125 0.06953125 0.090625
0 0.1671875 0.84453125 0.065625 0.09375
0 0.5828125 0.03203125 0.0578125 0.06171875
0 0.915625 0.975 0.0765625 0.05
0 0.43671875 0.58125 0.059375 0.0890625
0 0.13359375 0.56953125 0.05703125 0.08359375
0 0.52421875 0.59453125 0.0703125 0.08046875
0 0.1609375 0.08671875 0.059375 0.09609375
0 0.271875 0.6875 0.05625 0.0875
0 0.97890625 0.5171875 0.0421875 0.08671875
0 0.75703125 0.93515625 0.0859375 0.11796875
0 0.8875 0.07734375 0.065625 0.1171875
0 0.79609375 0.80625 0.0765625 0.0890625
0 0.3890625 0.84921875 0.06171875 0.08203125
0 0.81328125 0.68984375 0.06953125 0.07578125
0 0.734375 0.5390625 0.07890625 0.10078125
0 0.15390625 0.77265625 0.0625 0.08125
0 0.23125 0.3875 0.05703125 0.0828125
0 0.603125 0.2078125 0.075 0.08359375
0 0.4015625 0.4015625 0.0703125 0.090625
0 0.815625 0.2984375 0.07109375 0.09609375
0 0.44765625 0.23671875 0.07890625 0.128125
0 0.5890625 0.47890625 0.0609375 0.0875
0 0.62109375 0.15234375 0.0578125 0.06875
0 0.17890625 0.9140625 0.06484375 0.07578125
0 0.3359375 0.3890625 0.07578125 0.0875
0 0.31796875 0.6890625 0.0671875 0.0875
0 0.44453125 0.51953125 0.06796875 0.090625
0 0.74609375 0.24453125 0.06640625 0.071875
0 0.503125 0.23671875 0.0625 0.1078125
0 0.8609375 0.81484375 0.08359375 0.11328125
0 0.2296875 0.696875 0.05625 0.08046875
0 0.09609375 0.59921875 0.0765625 0.0984375
0 0.76015625 0.7609375 0.07265625 0.10078125
0 0.69609375 0.38828125 0.059375 0.103125
0 0.4890625 0.34375 0.053125 0.07109375
0 0.703125 0.278125 0.06875 0.090625
0 0.72578125 0.046875 0.0640625 0.09296875
0 0.2515625 0.5140625 0.06953125 0.09453125
0 0.60546875 0.8546875 0.0703125 0.08359375
0 0.76171875 0.209375 0.0609375 0.09375
0 0.64609375 0.6046875 0.0703125 0.0953125
0 0.3703125 0.1578125 0.0734375 0.08671875
0 0.2078125 0.05859375 0.046875 0.08984375
0 0.028125 0.94140625 0.05625 0.09609375
0 0.07578125 0.1390625 0.07109375 0.0859375
0 0.1265625 0.896875 0.06171875 0.078125
0 0.81640625 0.95 0.0703125 0.08359375
0 0.55625 0.07734375 0.0546875 0.0859375
0 0.31171875 0.4640625 0.059375 0.09140625
0 0.30859375 0.11953125 0.0796875 0.09375
0 0.0203125 0.43984375 0.03828125 0.0875
0 0.359375 0.35703125 0.0578125 0.096875
0 0.240625 0.63359375 0.06640625 0.07734375
0 0.14140625 0.24609375 0.06640625 0.08046875
0 0.59453125 0.1015625 0.059375 0.06796875
0 0.3609375 0.23671875 0.06171875 0.11015625
0 0.05859375 0.46875 0.05859375 0.07734375
0 0.3984375 0.76875 0.0703125 0.10078125
0 0.1125 0.19453125 0.07109375 0.08203125
0 0.921875 0.32265625 0.065625 0.08125
0 0.43359375 0.82265625 0.06328125 0.08828125
0 0.4859375 0.959375 0.0859375 0.0796875
0 0.8171875 0.459375 0.0796875 0.0796875
0 0.271875 0.91953125 0.08046875 0.11796875
0 0.3484375 0.45546875 0.04453125 0.07421875
0 0.45859375 0.88515625 0.06875 0.09609375
0 0.153125 0.296875 0.059375 0.0765625
0 0.43359375 0.453125 0.05078125 0.078125
0 0.32890625 0.040625 0.0671875 0.08125
0 0.93984375 0.93203125 0.071875 0.0703125
0 0.19296875 0.25859375 0.05625 0.08203125
0 0.2125 0.95078125 0.065625 0.09140625
0 0.39765625 0.090625 0.05859375 0.0859375
0 0.66640625 0.140625 0.0609375 0.07734375
0 0.51796875 0.03125 0.05078125 0.06171875
0 0.4375 0.0390625 0.06953125 0.0765625
0 0.50625 0.88984375 0.06328125 0.1140625
0 0.528125 0.30234375 0.0671875 0.096875
0 0.66171875 0.528125 0.0671875 0.0828125
0 0.48828125 0.16328125 0.05703125 0.065625
0 0.23984375 0.87109375 0.0546875 0.1
0 0.56875 0.1453125 0.0625 0.065625
0 0.51171875 0.396875 0.065625 0.096875
0 0.603125 0.59375 0.06015625 0.06875
0 0.878125 0.15703125 0.06328125 0.075
0 0.909375 0.5828125 0.06015625 0.0796875
0 0.2796875 0.25859375 0.07109375 0.10859375
0 0.1546875 0.9640625 0.08203125 0.06953125
0 0.92890625 0.7546875 0.07421875 0.09765625
0 0.32890625 0.3015625 0.06484375 0.1
0 0.575 0.3359375 0.065625 0.0796875
0 0.121875 0.8390625 0.053125 0.0796875
0 0.06796875 0.2546875 0.0625 0.0984375
0 0.03125 0.6078125 0.0625 0.090625
0 0.6375 0.2625 0.06796875 0.08359375
0 0.8859375 0.2703125 0.0625 0.0703125
0 0.11953125 0.0484375 0.0671875 0.09296875
0 0.21875 0.215625 0.06875 0.090625
0 0.8125 0.21171875 0.0640625 0.11328125
0 0.28203125 0.1859375 0.06953125 0.0875
0 0.01640625 0.8453125 0.03125 0.12890625
0 0.4703125 0.784375 0.0609375 0.08671875
0 0.85703125 0.97578125 0.07421875 0.0484375
0 0.01796875 0.6640625 0.03359375 0.096875
0 0.125 0.13203125 0.0671875 0.08515625
0 0.3953125 0.4796875 0.05859375 0.09140625
0 0.953125 0.8203125 0.0703125 0.08984375
0 0.85234375 0.234375 0.065625 0.10234375
0 0.25703125 0.078125 0.06015625 0.0828125
0 0.39296875 0.934375 0.0625 0.11171875
0 0.09140625 0.3015625 0.07578125 0.09453125
0 0.55859375 0.6421875 0.06171875 0.08828125
0 0.9734375 0.38984375 0.053125 0.0921875
0 0.09765625 0.6734375 0.06328125 0.075
0 0.54375 0.91796875 0.06953125 0.09765625
0 0.3703125 0.7046875 0.0703125 0.096875
0 0.6953125 0.734375 0.08046875 0.0984375
0 0.8875 0.9421875 0.05859375 0.07734375
0 0.77890625 0.34765625 0.05859375 0.078125
0 0.15390625 0.63828125 0.0640625 0.09140625
0 0.9640625 0.5875 0.06484375 0.08671875
0 0.76171875 0.07109375 0.04609375 0.0984375
0 0.19375 0.13203125 0.0484375 0.08671875
0 0.9703125 0.73359375 0.053125 0.0859375
0 0.08828125 0.934375 0.065625 0.090625
0 0.62109375 0.33359375 0.053125 0.09453125
0 0.69453125 0.971875 0.0875 0.053125
0 0.653125 0.94921875 0.09453125 0.09921875
0 0.7890625 0.084375 0.05390625 0.08203125
0 0.740625 0.4546875 0.07734375 0.09140625
0 0.5578125 0.38671875 0.065625 0.096875
0 0.87734375 0.32421875 0.06171875 0.07734375
0 0.0265625 0.16015625 0.053125 0.06875
0 0.27265625 0.3984375 0.05390625 0.0546875
0 0.43984375 0.94921875 0.0609375 0.0765625
0 0.3578125 0.08203125 0.0609375 0.07890625
0 0.740625 0.3640625 0.059375 0.1046875
0 0.27265625 0.45234375 0.05 0.06328125
0 0.196875 0.6578125 0.0515625 0.0609375
0 0.3078125 0.96328125 0.0625 0.06640625
0 0.32890625 0.84453125 0.06328125 0.0828125
0 0.84765625 0.5953125 0.07421875 0.0890625
0 0.8171875 0.7453125 0.0703125 0.071875
0 0.3484375 0.98125 0.0765625 0.0375
0 0.8546875 0.671875 0.059375 0.0734375
0 0.48203125 0.6296875 0.0625 0.11015625
0 0.90546875 0.03828125 0.06875 0.07421875
0 0.93125 0.09296875 0.05546875 0.08515625
0 0.759375 0.30625 0.07109375 0.08515625
0 0.58515625 0.7890625 0.0625 0.08125
0 0.646875 0.03125 0.07421875 0.0625
0 0.6453125 0.09921875 0.06328125 0.08203125
0 0.24609375 0.02890625 0.06015625 0.0578125
0 0.7921875 0.9828125 0.08359375 0.034375
0 0.47734375 0.06171875 0.046875 0.07109375
0 0.38671875 0.52109375 0.053125 0.0921875
0 0.96953125 0.14375 0.05546875 0.0921875
0 0.034375 0.81328125 0.0578125 0.0859375
0 0.78046875 0.03046875 0.053125 0.05703125
0 0.0640625 0.96640625 0.0484375 0.06015625
0 0.65703125 0.2984375 0.06171875 0.08125
0 0.9125 0.384375 0.0578125 0.0828125
0 0.034375 0.39140625 0.06640625 0.0859375
0 0.91640625 0.4984375 0.05625 0.08046875
0 0.940625 0.5328125 0.06796875 0.08046875
0 0.20078125 0.83203125 0.06484375 0.08671875
0 0.684375 0.478125 0.05625 0.078125
0 0.8328125 0.52265625 0.0546875 0.07890625
0 0.24296875 0.3296875 0.0515625 0.07109375
0 0.45859375 0.309375 0.0640625 0.07890625
0 0.2890625 0.04609375 0.0546875 0.0875
0 0.11875 0.3796875 0.053125 0.08203125
0 0.078125 0.34609375 0.065625 0.07734375
0 0.978125 0.94296875 0.04375 0.1109375
0 0.609375 0.53125 0.0578125 0.07578125
0 0.0296875 0.97890625 0.059375 0.04140625
0 0.25859375 0.5859375 0.05546875 0.090625
0 0.253125 0.978125 0.0703125 0.04375
0 0.98359375 0.45 0.0328125 0.090625
0 0.41796875 0.98359375 0.07421875 0.0328125
0 0.17109375 0.18984375 0.05859375 0.08671875
0 0.30390625 0.8921875 0.06328125 0.09296875
0 0.21171875 0.29765625 0.065625 0.07265625
0 0.61953125 0.0578125 0.05625 0.08515625
0 0.98359375 0.78359375 0.0328125 0.08359375
0 0.54765625 0.45625 0.05625 0.084375
0 0.165625 0.0296875 0.0453125 0.053125
0 0.39453125 0.240625 0.05546875 0.1
0 0.02734375 0.26328125 0.05 0.0953125
0 0.959375 0.19609375 0.0640625 0.06015625
0 0.34765625 0.5296875 0.0375 0.0859375
0 0.78515625 0.1421875 0.04921875 0.06796875
0 0.509375 0.77109375 0.06171875 0.084375
0 0.01796875 0.51484375 0.03515625 0.09140625
0 0.37421875 0.0296875 0.05390625 0.05703125
0 0.04140625 0.5375 0.0625 0.07578125
0 0.97421875 0.3296875 0.04921875 0.0734375
0 0.596875 0.64609375 0.06796875 0.078125
0 0.65703125 0.69375 0.0578125 0.0859375
0 0.33125 0.19765625 0.053125 0.10390625
0 0.86015625 0.73671875 0.0640625 0.07265625
0 0.51484375 0.45 0.06640625 0.0828125
0 0.9875 0.58359375 0.01796875 0.096875
0 0.78125 0.5234375 0.07265625 0.1046875
0 0.8109375 0.575 0.06171875 0.0765625
0 0.02890625 0.3484375 0.05625 0.08671875
0 0.4203125 0.8890625 0.04609375 0.0796875
0 0.10703125 0.96484375 0.065625 0.06484375
0 0.3609375 0.65234375 0.0515625 0.06484375
0 0.02578125 0.20859375 0.046875 0.06640625
0 0.68671875 0.575 0.04765625 0.06640625
0 0.9875 0.22734375 0.025 0.0953125
0 0.40234375 0.55625 0.059375 0.075
0 0.984375 0.03046875 0.03125 0.06015625
0 0.13046875 0.34765625 0.059375 0.06015625
0 0.5484375 0.25625 0.0484375 0.07109375
0 0.6921875 0.0171875 0.05703125 0.03203125
0 0.0140625 0.7515625 0.025 0.07109375
0 0.8203125 0.03984375 0.0375 0.0796875
0 0.4671875 0.671875 0.04921875 0.07265625
0 0.94375 0.8609375 0.05390625 0.0546875