0 0.61796875 0.21171875 0.103125 0.075
0 0.528125 0.7046875 0.0984375 0.075
0 0.71796875 0.446875 0.115625 0.084375
0 0.6 0.27421875 0.10625 0.078125
0 0.27890625 0.4734375 0.1 0.0703125
0 0.9046875 0.13125 0.1 0.075
0 0.02890625 0.153125 0.0578125 0.1
0 0.5765625 0.82890625 0.1140625 0.0859375
0 0.4453125 0.8 0.096875 0.0734375
0 0.9390625 0.66171875 0.1125 0.075
0 0.79296875 0.65625 0.103125 0.078125
0 0.70703125 0.834375 0.0953125 0.078125
0 0.29765625 0.06171875 0.0875 0.06875
0 0.66875 0.96953125 0.0921875 0.0609375
0 0.49453125 0.8359375 0.08125 0.078125
0 0.89921875 0.284375 0.09375 0.075
0 0.3515625 0.34453125 0.1 0.059375
0 0.12265625 0.1046875 0.0796875 0.065625
0 0.934375 0.39765625 0.1171875 0.071875
0 0.25078125 0.2890625 0.1 0.065625
0 0.18125 0.32734375 0.0921875 0.065625
0 0.0921875 0.27421875 0.0875 0.071875
0 0.884375 0.959375 0.10625 0.08125
0 0.80859375 0.27734375 0.109375 0.08125
0 0.59765625 0.3453125 0.103125 0.075
0 0.11640625 0.37578125 0.075 0.065625
0 0.44296875 0.52734375 0.08125 0.0640625
0 0.4359375 0.86953125 0.09375 0.0796875
0 0.7171875 0.50390625 0.13125 0.046875
0 0.86328125 0.33515625 0.109375 0.078125
0 0.88671875 0.184375 0.09375 0.084375
0 0.18046875 0.0765625 0.090625 0.06875
0 0.32265625 0.7265625 0.0875 0.06875
0 0.3640625 0.296875 0.10625 0.059375
0 0.58203125 0.6640625 0.103125 0.075
0 0.40078125 0.38359375 0.08125 0.0671875
0 0.75546875 0.71484375 0.103125 0.090625
0 0.73984375 0.9671875 0.08125 0.065625
0 0.58359375 0.47890625 0.084375 0.071875
0 0.83359375 0.7328125 0.0921875 0.0671875
0 0.79765625 0.9390625 0.0875 0.075
0 0.52265625 0.1078125 0.09375 0.0703125
0 0.81796875 0.44765625 0.1015625 0.08125
0 0.23359375 0.03125 0.1 0.0625
0 0.65859375 0.0390625 0.1046875 0.078125
0 0.0953125 0.15 0.103125 0.06875
0 0.27265625 0.6859375 0.1 0.06875
0 0.95625 0.16875 0.0875 0.071875
0 0.02890625 0.2671875 0.05625 0.065625
0 0.63984375 0.3078125 0.0875 0.0703125
0 0.0578125 0.6125 0.090625 0.059375
0 0.5921875 0.92421875 0.096875 0.08125
0 0.0625 0.34921875 0.090625 0.065625
0 0.60625 0.72265625 0.0921875 0.06875
0 0.6921875 0.7859375 0.0875 0.059375
0 0.67734375 0.2484375 0.0890625 0.06875
0 0.4921875 0.90859375 0.10625 0.0828125
0 0.91796875 0.84140625 0.08125 0.065625
0 0.65546875 0.590625 0.09375 0.08125
0 0.5109375 0.4984375 0.0875 0.065625
0 0.29609375 0.60703125 0.09375 0.0546875
0 0.35625 0.55 0.121875 0.075
0 0.371875 0.1234375 0.096875 0.0703125
0 0.1640625 0.4515625 0.1 0.06875
0 0.75859375 0.0578125 0.115625 0.078125
0 0.1671875 0.28046875 0.0859375 0.06875
0 0.76875 0.86796875 0.0890625 0.065625
0 0.7671875 0.6078125 0.10625 0.071875
0 0.378125 0.6078125 0.0875 0.0703125
0 0.50390625 0.55546875 0.09375 0.08125
0 0.70625 0.38671875 0.13125 0.08125
0 0.80703125 0.1890625 0.0921875 0.078125
0 0.39453125 0.190625 0.1 0.075
0 0.10625 0.95078125 0.09375 0.071875
0 0.596875 0.615625 0.078125 0.0625
0 0.17734375 0.39375 0.084375 0.0796875
0 0.6109375 0.5265625 0.115625 0.06875
0 0.7671875 0.778125 0.0875 0.0625
0 0.303125 0.1078125 0.0796875 0.0609375
0 0.94453125 0.98359375 0.0984375 0.0328125
0 0.4375 0.0984375 0.103125 0.071875
0 0.5265625 0.259375 0.0984375 0.078125
0 0.6859375 0.63671875 0.11875 0.075
0 0.04453125 0.4453125 0.0890625 0.059375
0 0.0140625 0.41796875 0.028125 0.0609375
0 0.73203125 0.56640625 0.1078125 0.071875
0 0.928125 0.7453125 0.115625 0.0796875
0 0.02890625 0.9046875 0.05625 0.071875
0 0.15078125 0.74140625 0.0984375 0.0765625
0 0.6828125 0.7390625 0.090625 0.0640625
0 0.4171875 0.98984375 0.0875 0.0203125
0 0.1015625 0.5625 0.103125 0.06875
0 0.9046875 0.8953125 0.090625 0.071875
0 0.0265625 0.6921875 0.053125 0.071875
0 0.32578125 0.209375 0.0875 0.059375
0 0.209375 0.55703125 0.1359375 0.075
0 0.9421875 0.234375 0.115625 0.09375
0 0.63203125 0.44375 0.09375 0.0640625
0 0.1890625 0.79609375 0.096875 0.071875
0 0.85625 0.390625 0.084375 0.075
0 0.09921875 0.790625 0.0984375 0.071875
0 0.3921875 0.94296875 0.0890625 0.0625
0 0.98046875 0.29453125 0.0390625 0.0875
0 0.06484375 0.4015625 0.075 0.0625
0 0.221875 0.6140625 0.09375 0.05
0 0.2078125 0.5 0.125 0.065625
0 0.2703125 0.16796875 0.09375 0.0765625
0 0.7640625 0.22890625 0.103125 0.075
0 0.1125 0.4296875 0.0640625 0.065625
0 0.03359375 0.815625 0.0671875 0.053125
0 0.46640625 0.61015625 0.1015625 0.065625
0 0.82890625 0.57109375 0.096875 0.0625
0 0.82578125 0.115625 0.115625 0.09375
0 0.68515625 0.17109375 0.078125 0.0765625
0 0.77890625 0.52890625 0.078125 0.0640625
0 0.034375 0.30546875 0.06875 0.065625
0 0.31328125 0.42265625 0.0875 0.0671875
0 0.32265625 0.5140625 0.071875 0.05625
0 0.36640625 0.44765625 0.1 0.06875
0 0.70078125 0.08984375 0.09375 0.06875
0 0.97421875 0.43828125 0.0515625 0.0859375
0 0.78984375 0.35234375 0.096875 0.075
0 0.734375 0.015625 0.096875 0.03125
0 0.5984375 0.9796875 0.084375 0.040625
0 0.12890625 0.6359375 0.09375 0.0828125
0 0.4546875 0.69140625 0.0953125 0.0703125
0 0.36796875 0.78515625 0.0875 0.05625
0 0.82890625 0.8140625 0.1078125 0.0578125
0 0.1109375 0.328125 0.0765625 0.0625
0 0.621875 0.0953125 0.096875 0.071875
0 0.0140625 0.4796875 0.028125 0.059375
0 0.965625 0.86640625 0.06875 0.0890625
0 0.1984375 0.13046875 0.109375 0.06875
0 0.74375 0.16953125 0.075 0.071875
0 0.66796875 0.921875 0.075 0.0640625
0 0.24296875 0.0984375 0.075 0.065625
0 0.36484375 0.8578125 0.0875 0.0625
0 0.959375 0.51953125 0.08125 0.096875
0 0.96953125 0.70546875 0.0609375 0.065625
0 0.04921875 0.09375 0.0984375 0.071875
0 0.4984375 0.7578125 0.09375 0.0703125
0 0.57890625 0.3921875 0.075 0.059375
0 0.0671875 0.05234375 0.084375 0.0625
0 0.0515625 0.196875 0.0859375 0.059375
0 0.6265625 0.7734375 0.0875 0.065625
0 0.9765625 0.128125 0.046875 0.078125
0 0.8453125 0.85 0.0953125 0.071875
0 0.26953125 0.340625 0.1 0.065625
0 0.24140625 0.4109375 0.084375 0.065625
0 0.10078125 0.89765625 0.096875 0.071875
0 0.05546875 0.8609375 0.1 0.0625
0 0.7296875 0.9140625 0.1015625 0.078125
0 0.684375 0.6890625 0.10625 0.071875
0 0.58515625 0.13984375 0.09375 0.071875
0 0.9203125 0.45 0.1125 0.0765625
0 0.38125 0.734375 0.059375 0.0578125
0 0.834375 0.896875 0.0875 0.059375
0 0.44140625 0.1609375 0.08125 0.075
0 0.071875 0.48984375 0.11875 0.075
0 0.22890625 0.73046875 0.115625 0.065625
0 0.73125 0.2859375 0.096875 0.065625
0 0.22109375 0.246875 0.0875 0.065625
0 0.9515625 0.796875 0.0890625 0.0734375
0 0.18046875 0.221875 0.109375 0.0578125
0 0.89453125 0.05234375 0.1328125 0.0859375
0 0.8515625 0.6203125 0.084375 0.059375
0 0.95234375 0.3421875 0.0953125 0.090625
0 0.459375 0.40703125 0.084375 0.0625
0 0.57421875 0.028125 0.1 0.05625
0 0.31953125 0.3765625 0.1015625 0.053125
0 0.0890625 0.69375 0.090625 0.06875
0 0.2328125 0.984375 0.09375 0.03125
0 0.53359375 0.9703125 0.0953125 0.059375
0 0.32421875 0.95234375 0.0796875 0.0625
0 0.88359375 0.7828125 0.096875 0.06875
0 0.9796875 0.76796875 0.040625 0.0796875
0 0.37734375 0.01640625 0.1078125 0.03125
0 0.50703125 0.6328125 0.09375 0.065625
0 0.225 0.95625 0.1 0.065625
0 0.55 0.4328125 0.0953125 0.071875
0 0.43828125 0.734375 0.065625 0.0453125
0 0.81953125 0.0265625 0.096875 0.053125
0 0.36875 0.67578125 0.084375 0.0765625
0 0.9875 0.66171875 0.025 0.0828125
0 0.27578125 0.92890625 0.1 0.0734375
0 0.9765625 0.065625 0.046875 0.078125
0 0.43671875 0.24609375 0.103125 0.0828125
0 0.41171875 0.03984375 0.1015625 0.0796875
0 0.165625 0.9109375 0.0859375 0.06875
0 0.5125 0.1578125 0.0875 0.0625
0 0.26875 0.86640625 0.084375 0.0671875
0 0.571875 0.571875 0.0921875 0.065625
0 0.88671875 0.5015625 0.134375 0.078125
0 0.04296875 0.7625 0.0859375 0.065625
0 0.8453125 0.6859375 0.0953125 0.065625
0 0.02109375 0.571875 0.0421875 0.08125
0 0.56015625 0.8859375 0.0859375 0.059375
0 0.03125 0.52734375 0.0625 0.0453125
0 0.37578125 0.49375 0.0984375 0.059375
0 0.4359375 0.4828125 0.0890625 0.0625
0 0.94921875 0.9296875 0.1015625 0.065625
0 0.171875 0.6828125 0.10625 0.0546875
0 0.13359375 0.51328125 0.059375 0.059375
0 0.18046875 0.1734375 0.115625 0.06875
0 0.2203125 0.65234375 0.096875 0.059375
0 0.10625 0.01875 0.1 0.0375
0 0.2796875 0.2375 0.0859375 0.06875
0 0.3421875 0.25703125 0.115625 0.06875
0 0.9 0.71328125 0.096875 0.0703125
0 0.9515625 0.61484375 0.096875 0.0671875
0 0.01015625 0.3390625 0.0203125 0.065625
0 0.5 0.0109375 0.103125 0.021875
0 0.44375 0.646875 0.0796875 0.0515625
0 0.94140625 0.01171875 0.115625 0.021875
0 0.01015625 0.7703125 0.0203125 0.071875
0 0.665625 0.13359375 0.0875 0.05625
0 0.125 0.98828125 0.071875 0.0234375
0 0.1265625 0.05234375 0.075 0.0578125
0 0.21875 0.87890625 0.090625 0.071875
0 0.4546875 0.35546875 0.08125 0.059375
0 0.446875 0.31484375 0.0921875 0.053125
0 0.9875 0.19375 0.025 0.0875
0 0.30234375 0.01328125 0.08125 0.0265625
0 0.98359375 0.98359375 0.0328125 0.0328125
0 0.69140625 0.33671875 0.0984375 0.0609375
0 0.5109375 0.21171875 0.115625 0.075
0 0.65078125 0.82109375 0.0625 0.059375
0 0.95390625 0.5671875 0.0796875 0.053125
0 0.4875 0.0625 0.090625 0.053125
0 0.8890625 0.55234375 0.096875 0.0765625
0 0.47578125 0.4484375 0.09375 0.053125
0 0.23203125 0.76796875 0.109375 0.05
0 0.0109375 0.63515625 0.021875 0.0546875
0 0.365625 0.06796875 0.08125 0.0625
0 0.046875 0.65390625 0.0765625 0.0578125
0 0.23203125 0.825 0.0875 0.059375
0 0.10703125 0.209375 0.071875 0.0625
0 0.73984375 0.121875 0.071875 0.065625
0 0.234375 0.359375 0.0828125 0.065625
0 0.325 0.815625 0.053125 0.0515625
0 0.02890625 0.3765625 0.0578125 0.059375
0 0.9875 0.5875 0.025 0.075
0 0.1640625 0.83359375 0.084375 0.0640625
0 0.37734375 0.97421875 0.0875 0.0515625
0 0.3203125 0.98671875 0.090625 0.0265625
0 0.44375 0.5734375 0.078125 0.046875
0 0.97109375 0.965625 0.05625 0.05625
0 0.3640625 0.89921875 0.084375 0.0484375
0 0.7859375 0.40625 0.0875 0.0625
0 0.62109375 0.86875 0.078125 0.0609375
0 0.5171875 0.31875 0.0828125 0.0671875
0 0.33671875 0.6515625 0.1078125 0.078125
0 0.22578125 0.45078125 0.0625 0.0546875
0 0.075 0.98125 0.059375 0.0375
0 0.45078125 0.96796875 0.075 0.0625
0 0.57109375 0.075 0.08125 0.065625
0 0.75390625 0.321875 0.10625 0.065625
0 0.3703125 0.8140625 0.0875 0.05
0 0.0125 0.0296875 0.025 0.059375
0 0.17421875 0.98828125 0.0671875 0.0234375
0 0.00859375 0.8578125 0.0171875 0.053125
0 0.9875 0.0234375 0.025 0.046875
0 0.05625 0.56171875 0.0625 0.0640625
0 0.28046875 0.809375 0.0796875 0.0625
0 0.08359375 0.52734375 0.0796875 0.04375
0 0.09765625 0.82421875 0.0890625 0.0515625
0 0.98203125 0.375 0.0359375 0.084375
0 0.56484375 0.17578125 0.06875 0.0703125
0 0.2984375 0.77421875 0.075 0.0484375
0 0.2828125 0.546875 0.071875 0.06875
0 0.64140625 0.39296875 0.075 0.0734375
0 0.0390625 0.9515625 0.078125 0.075
0 0.009375 0.215625 0.01875 0.059375
0 0.171875 0.0234375 0.071875 0.046875
0 0.66328125 0.54375 0.084375 0.05625