0 0.01484375 0.59140625 0.028125 0.13125
0 0.16640625 0.60078125 0.084375 0.10625
0 0.06171875 0.5046875 0.0859375 0.1125
0 0.9640625 0.3953125 0.071875 0.115625
0 0.009375 0.50625 0.01875 0.084375
0 0.92109375 0.49765625 0.075 0.0984375
0 0.171875 0.96796875 0.08125 0.0640625
0 0.52890625 0.33984375 0.071875 0.1109375
0 0.678125 0.634375 0.084375 0.1125
0 0.4125 0.86328125 0.0875 0.1125
0 0.1265625 0.5421875 0.084375 0.1125
0 0.1828125 0.83515625 0.08125 0.109375
0 0.0375 0.809375 0.071875 0.1015625
0 0.60859375 0.61171875 0.0875 0.115625
0 0.59609375 0.94609375 0.08125 0.1046875
0 0.009375 0.74375 0.01875 0.1109375
0 0.5828125 0.35234375 0.075 0.121875
0 0.14609375 0.24921875 0.078125 0.1125
0 0.7640625 0.946875 0.084375 0.10625
0 0.03125 0.440625 0.0625 0.10625
0 0.7421875 0.0515625 0.08125 0.103125
0 0.61015625 0.8453125 0.0875 0.1234375
0 0.60859375 0.05 0.084375 0.1
0 0.415625 0.75078125 0.0875 0.1328125
0 0.890625 0.20859375 0.0921875 0.115625
0 0.46640625 0.96015625 0.08125 0.078125
0 0.540625 0.90703125 0.084375 0.121875
0 0.115625 0.790625 0.1140625 0.11875
0 0.08046875 0.9609375 0.090625 0.078125
0 0.96171875 0.95078125 0.0765625 0.0984375
0 0.953125 0.57578125 0.078125 0.0984375
0 0.96015625 0.86875 0.078125 0.109375
0 0.84453125 0.2796875 0.078125 0.1
0 0.70390625 0.9328125 0.090625 0.1078125
0 0.38359375 0.25703125 0.0796875 0.1078125
0 0.8828125 0.67890625 0.10625 0.11875
0 0.58828125 0.225 0.078125 0.109375
0 0.77265625 0.3609375 0.08125 0.109375
0 0.9859375 0.2875 0.028125 0.0890625
0 0.03359375 0.7265625 0.0671875 0.1
0 0.32265625 0.44140625 0.0734375 0.1046875
0 0.3625 0.5234375 0.08125 0.1
0 0.2390625 0.278125 0.078125 0.10625
0 0.7 0.84453125 0.08125 0.109375
0 0.35390625 0.72578125 0.0859375 0.146875
0 0.52734375 0.6125 0.08125 0.115625
0 0.90625 0.3515625 0.0796875 0.1234375
0 0.803125 0.63515625 0.078125 0.103125
0 0.2890625 0.51796875 0.0875 0.121875
0 0.0921875 0.88125 0.065625 0.10625
0 0.23828125 0.80625 0.0796875 0.1171875
0 0.93828125 0.08984375 0.075 0.103125
0 0.03515625 0.35546875 0.065625 0.103125
0 0.3015625 0.3390625 0.0875 0.125
0 0.37734375 0.59921875 0.0796875 0.090625
0 0.49296875 0.07578125 0.071875 0.090625
0 0.82265625 0.146875 0.075 0.0984375
0 0.034375 0.05703125 0.06875 0.1140625
0 0.40625 0.1296875 0.0796875 0.103125
0 0.1015625 0.30390625 0.084375 0.1
0 0.2734375 0.8703125 0.0734375 0.1015625
0 0.90546875 0.75390625 0.075 0.103125
0 0.35859375 0.17265625 0.078125 0.121875
0 0.47421875 0.1421875 0.0921875 0.096875
0 0.6375 0.69921875 0.08125 0.096875
0 0.80078125 0.02734375 0.0734375 0.0546875
0 0.23125 0.02734375 0.0671875 0.053125
0 0.240625 0.36640625 0.0828125 0.1
0 0.47578125 0.90234375 0.0828125 0.1
0 0.6515625 0.965625 0.103125 0.06875
0 0.69765625 0.384375 0.0875 0.1125
0 0.7875 0.52890625 0.075 0.096875
0 0.32421875 0.6109375 0.075 0.1
0 0.8890625 0.58671875 0.08125 0.103125
0 0.809375 0.72578125 0.08125 0.109375
0 0.98671875 0.1328125 0.0265625 0.09375
0 0.8 0.43359375 0.08125 0.109375
0 0.725 0.98046875 0.078125 0.0390625
0 0.1828125 0.4328125 0.065625 0.109375
0 0.5515625 0.14375 0.075 0.1015625
0 0.3671875 0.04453125 0.084375 0.0890625
0 0.80078125 0.2171875 0.071875 0.08125
0 0.28046875 0.76328125 0.084375 0.1125
0 0.47734375 0.73359375 0.0953125 0.1375
0 0.29140625 0.1765625 0.0984375 0.15625
0 0.84921875 0.7890625 0.0875 0.13125
0 0.184375 0.321875 0.0828125 0.1171875
0 0.22578125 0.89921875 0.06875 0.096875
0 0.0859375 0.709375 0.0625 0.09375
0 0.86953125 0.403125 0.090625 0.109375
0 0.68203125 0.31171875 0.071875 0.1
0 0.2515625 0.6765625 0.08125 0.10625
0 0.43359375 0.07265625 0.071875 0.078125
0 0.65625 0.79140625 0.084375 0.121875
0 0.13828125 0.7125 0.08125 0.1078125
0 0.22890625 0.965625 0.08125 0.06875
0 0.95234375 0.796875 0.090625 0.096875
0 0.78984375 0.084375 0.0703125 0.084375
0 0.09140625 0.11640625 0.084375 0.1046875
0 0.98046875 0.53046875 0.0375 0.096875
0 0.41640625 0.353125 0.08125 0.1125
0 0.59921875 0.75625 0.06875 0.1046875
0 0.015625 0.875 0.03125 0.109375
0 0.26484375 0.58203125 0.0875 0.109375
0 0.9609375 0.20703125 0.078125 0.128125
0 0.96171875 0.70390625 0.075 0.096875
0 0.88984375 0.86015625 0.078125 0.1078125
0 0.64453125 0.4234375 0.08125 0.10625
0 0.6453125 0.25078125 0.078125 0.090625
0 0.43984375 0.29140625 0.075 0.09375
0 0.78671875 0.2828125 0.075 0.1
0 0.57421875 0.66015625 0.084375 0.103125
0 0.48515625 0.38828125 0.075 0.0875
0 0.60546875 0.13125 0.078125 0.09375
0 0.10234375 0.62421875 0.08125 0.10625
0 0.57265625 0.01015625 0.071875 0.0203125
0 0.534375 0.9765625 0.103125 0.046875
0 0.42734375 0.5609375 0.0796875 0.1
0 0.2 0.0859375 0.084375 0.1
0 0.4625 0.034375 0.0703125 0.06875
0 0.76015625 0.175 0.071875 0.125
0 0.41796875 0.02734375 0.071875 0.053125
0 0.3234375 0.81796875 0.075 0.090625
0 0.053125 0.20234375 0.053125 0.121875
0 0.52890625 0.24296875 0.08125 0.1265625
0 0.8515625 0.03125 0.06875 0.0625
0 0.5234375 0.0328125 0.071875 0.065625
0 0.234375 0.19296875 0.059375 0.103125
0 0.41640625 0.65703125 0.0734375 0.1
0 0.30390625 0.93828125 0.08125 0.115625
0 0.71171875 0.2421875 0.09375 0.0953125
0 0.740625 0.5140625 0.0625 0.1015625
0 0.91015625 0.28125 0.071875 0.0828125
0 0.20078125 0.725 0.084375 0.121875
0 0.85859375 0.9375 0.0921875 0.125
0 0.640625 0.190625 0.075 0.0890625
0 0.5515625 0.0625 0.065625 0.09375
0 0.12890625 0.05078125 0.0875 0.1015625
0 0.33125 0.9875 0.103125 0.025
0 0.78359375 0.86015625 0.1046875 0.1359375
0 0.715625 0.709375 0.08125 0.0875
0 0.3453125 0.0921875 0.0703125 0.06875
0 0.0390625 0.928125 0.0703125 0.1125
0 0.9859375 0.59921875 0.028125 0.078125
0 0.9171875 0.97265625 0.084375 0.053125
0 0.9359375 0.02578125 0.0671875 0.05
0 0.471875 0.59921875 0.0703125 0.0796875
0 0.8328125 0.35390625 0.071875 0.090625
0 0.2296875 0.6140625 0.065625 0.0984375
0 0.6578125 0.14765625 0.06875 0.125
0 0.4453125 0.46875 0.10625 0.128125
0 0.02421875 0.984375 0.0484375 0.03125
0 0.08515625 0.43359375 0.065625 0.08125
0 0.73046875 0.43125 0.0890625 0.08125
0 0.1859375 0.01953125 0.0734375 0.0390625
0 0.35859375 0.93125 0.0828125 0.1375
0 0.96875 0.48671875 0.0625 0.1046875
0 0.453125 0.21328125 0.071875 0.09375
0 0.7609375 0.68359375 0.0625 0.096875
0 0.9890625 0.70859375 0.021875 0.0890625
0 0.2875 0.05546875 0.084375 0.1109375
0 0.0421875 0.64921875 0.075 0.09375
0 0.73828125 0.584375 0.0875 0.103125
0 0.18671875 0.1875 0.071875 0.11875
0 0.14375 0.8890625 0.06875 0.103125
0 0.14921875 0.13828125 0.06875 0.1125
0 0.13515625 0.428125 0.071875 0.121875
0 0.5390625 0.721875 0.06875 0.109375
0 0.6890625 0.02265625 0.065625 0.0453125
0 0.12109375 0.9484375 0.0734375 0.103125
0 0.40390625 0.19609375 0.059375 0.06875
0 0.5234375 0.82109375 0.09375 0.1234375
0 0.059375 0.01875 0.075 0.0375
0 0.959375 0.32265625 0.0671875 0.078125
0 0.0109375 0.2046875 0.021875 0.10625
0 0.9578125 0.6359375 0.078125 0.0765625
0 0.88828125 0.1421875 0.071875 0.08125
0 0.828125 0.5796875 0.06875 0.0875
0 0.01171875 0.68125 0.0234375 0.0734375
0 0.56875 0.48046875 0.0703125 0.125
0 0.728125 0.7671875 0.084375 0.0890625
0 0.0921875 0.20390625 0.0703125 0.121875
0 0.0859375 0.375 0.065625 0.08125
0 0.63671875 0.33984375 0.065625 0.103125
0 0.984375 0.78359375 0.03125 0.096875
0 0.3453125 0.30703125 0.0671875 0.08125
0 0.02890625 0.1546875 0.05625 0.10625
0 0.89453125 0.0609375 0.059375 0.0953125
0 0.7125 0.1390625 0.06875 0.11875
0 0.27890625 0.984375 0.065625 0.03125
0 0.459375 0.82265625 0.0734375 0.09375
0 0.1796875 0.90625 0.0625 0.084375
0 0.0078125 0.05 0.015625 0.1
0 0.4921875 0.2921875 0.0578125 0.096875
0 0.47265625 0.6609375 0.084375 0.0859375
0 0.021875 0.2546875 0.04375 0.078125
0 0.82890625 0.4859375 0.06875 0.0921875
0 0.640625 0.56328125 0.071875 0.0765625
0 0.37265625 0.42578125 0.0734375 0.09375
0 0.40546875 0.9703125 0.0765625 0.059375
0 0.646875 0.88828125 0.071875 0.0953125
0 0.5578125 0.790625 0.0625 0.1234375
0 0.5234375 0.43984375 0.0640625 0.084375
0 0.190625 0.67265625 0.0640625 0.075
0 0.015625 0.3078125 0.03125 0.065625
0 0.509375 0.20234375 0.065625 0.0875
0 0.684375 0.06328125 0.06875 0.08125
0 0.990625 0.65703125 0.01875 0.071875
0 0.0671875 0.58203125 0.0578125 0.0890625
0 0.9703125 0.03828125 0.05625 0.0765625
0 0.853125 0.08515625 0.065625 0.0890625
0 0.61015625 0.509375 0.0671875 0.090625
0 0.4203125 0.93828125 0.065625 0.075
0 0.875 0.4609375 0.0734375 0.0875
0 0.325 0.04453125 0.053125 0.0890625
0 0.27578125 0.4359375 0.0625 0.0875
0 0.334375 0.87578125 0.071875 0.065625
0 0.67734375 0.51484375 0.071875 0.1046875
0 0.3640625 0.35703125 0.065625 0.103125
0 0.73203125 0.30625 0.08125 0.090625
0 0.0109375 0.36484375 0.021875 0.0984375
0 0.96015625 0.2640625 0.078125 0.078125
0 0.04140625 0.278125 0.0609375 0.0875
0 0.92578125 0.43203125 0.0625 0.065625
0 0.30859375 0.68984375 0.059375 0.109375
0 0.23359375 0.4578125 0.0625 0.0859375
0 0.2140625 0.5171875 0.06875 0.090625