0 0.88125 0.9125 0.0890625 0.103125
0 0.78828125 0.9140625 0.084375 0.121875
0 0.15546875 0.80390625 0.090625 0.109375
0 0.3265625 0.31484375 0.078125 0.11875
0 0.721875 0.9578125 0.084375 0.084375
0 0.165625 0.65859375 0.09375 0.134375
0 0.78828125 0.68046875 0.0875 0.121875
0 0.85859375 0.70234375 0.0875 0.11875
0 0.709375 0.40078125 0.071875 0.109375
0 0.35859375 0.89921875 0.084375 0.1140625
0 0.765625 0.42109375 0.075 0.121875
0 0.59375 0.9265625 0.0921875 0.1171875
0 0.40859375 0.07421875 0.06875 0.096875
0 0.71015625 0.67890625 0.0875 0.115625
0 0.77578125 0.98359375 0.084375 0.0328125
0 0.15546875 0.5703125 0.084375 0.090625
0 0.03046875 0.97421875 0.059375 0.0515625
0 0.790625 0.1140625 0.084375 0.109375
0 0.20078125 0.5109375 0.0828125 0.1125
0 0.059375 0.6765625 0.0828125 0.1125
0 0.11796875 0.50078125 0.084375 0.103125
0 0.83984375 0.8625 0.08125 0.1125
0 0.590625 0.81796875 0.09375 0.13125
0 0.88828125 0.975 0.096875 0.05
0 0.7296875 0.21015625 0.075 0.103125
0 0.55234375 0.0875 0.084375 0.1453125
0 0.9484375 0.98203125 0.084375 0.0359375
0 0.671875 0.14140625 0.0703125 0.090625
0 0.03984375 0.9109375 0.078125 0.103125
0 0.071875 0.825 0.090625 0.109375
0 0.246875 0.5671875 0.090625 0.10625
0 0.0734375 0.56484375 0.09375 0.109375
0 0.30234375 0.60390625 0.084375 0.1125
0 0.6609375 0.80390625 0.0953125 0.14375
0 0.82109375 0.76953125 0.0859375 0.10625
0 0.5609375 0.6625 0.08125 0.09375
0 0.58515625 0.1953125 0.08125 0.1140625
0 0.95703125 0.4265625 0.0859375 0.10625
0 0.27890625 0.3703125 0.078125 0.1
0 0.77265625 0.2890625 0.0765625 0.10625
0 0.9671875 0.35234375 0.065625 0.096875
0 0.3515625 0.6625 0.0875 0.11875
0 0.78359375 0.196875 0.0765625 0.09375
0 0.4671875 0.24296875 0.096875 0.15625
0 0.9703125 0.5015625 0.059375 0.1171875
0 0.2921875 0.859375 0.1 0.1109375
0 0.078125 0.03671875 0.075 0.0734375
0 0.28515625 0.690625 0.078125 0.096875
0 0.55 0.58828125 0.06875 0.103125
0 0.978125 0.79609375 0.04375 0.10625
0 0.9734375 0.7046875 0.053125 0.109375
0 0.96953125 0.14765625 0.059375 0.090625
0 0.565625 0.32109375 0.0796875 0.1140625
0 0.96640625 0.59140625 0.0671875 0.1046875
0 0.50078125 0.50546875 0.0625 0.09375
0 0.2125 0.7921875 0.06875 0.1015625
0 0.609375 0.63046875 0.078125 0.103125
0 0.48046875 0.4171875 0.084375 0.125
0 0.66484375 0.45546875 0.08125 0.09375
0 0.2734375 0.9453125 0.06875 0.103125
0 0.534375 0.80546875 0.0546875 0.13125
0 0.9484375 0.0390625 0.059375 0.078125
0 0.4171875 0.34609375 0.0734375 0.1046875
0 0.38203125 0.59140625 0.075 0.1046875
0 0.88125 0.45078125 0.084375 0.1109375
0 0.084375 0.9875 0.084375 0.025
0 0.46015625 0.83046875 0.084375 0.115625
0 0.92578125 0.115625 0.078125 0.1140625
0 0.70703125 0.0796875 0.075 0.103125
0 0.98515625 0.21015625 0.0296875 0.1046875
0 0.6546875 0.20703125 0.0859375 0.096875
0 0.43203125 0.74609375 0.0875 0.1046875
0 0.18125 0.0421875 0.059375 0.084375
0 0.4625 0.1203125 0.08125 0.115625
0 0.97265625 0.92734375 0.0546875 0.1375
0 0.18046875 0.93671875 0.065625 0.1140625
0 0.703125 0.8953125 0.090625 0.1125
0 0.26796875 0.7734375 0.071875 0.1
0 0.40546875 0.67890625 0.078125 0.1
0 0.41484375 0.4296875 0.084375 0.09375
0 0.0359375 0.44609375 0.071875 0.096875
0 0.41484375 0.87421875 0.084375 0.11875
0 0.84453125 0.21015625 0.071875 0.1140625
0 0.384375 0.1515625 0.090625 0.1078125
0 0.13125 0.421875 0.0765625 0.096875
0 0.51640625 0.36875 0.0671875 0.08125
0 0.1203125 0.87734375 0.075 0.0984375
0 0.75390625 0.73125 0.08125 0.103125
0 0.2140625 0.41953125 0.06875 0.096875
0 0.12265625 0.31015625 0.075 0.084375
0 0.621875 0.36171875 0.075 0.096875
0 0.26875 0.50390625 0.065625 0.084375
0 0.90234375 0.8421875 0.078125 0.084375
0 0.05625 0.7625 0.071875 0.090625
0 0.26953125 0.43359375 0.0703125 0.065625
0 0.22109375 0.9765625 0.0671875 0.046875
0 0.89765625 0.77734375 0.084375 0.08125
0 0.64765625 0.08515625 0.06875 0.0953125
0 0.6140625 0.13359375 0.075 0.0765625
0 0.50390625 0.8875 0.075 0.0984375
0 0.51328125 0.67421875 0.0625 0.0953125
0 0.9734375 0.0609375 0.053125 0.121875
0 0.21953125 0.87109375 0.065625 0.096875
0 0.6359375 0.28046875 0.0734375 0.09375
0 0.21875 0.12265625 0.084375 0.125
0 0.3234375 0.03125 0.0828125 0.0625
0 0.47109375 0.575 0.1 0.121875
0 0.62734375 0.01875 0.06875 0.0375
0 0.534375 0.23828125 0.075 0.128125
0 0.59296875 0.71953125 0.075 0.1078125
0 0.90703125 0.5046875 0.0890625 0.09375
0 0.87265625 0.06796875 0.065625 0.09375
0 0.31875 0.7734375 0.08125 0.103125
0 0.09296875 0.121875 0.08125 0.10625
0 0.65703125 0.9625 0.078125 0.075
0 0.1265625 0.06796875 0.071875 0.115625
0 0.40078125 0.9578125 0.06875 0.084375
0 0.803125 0.04296875 0.078125 0.0859375
0 0.38046875 0.77734375 0.084375 0.134375
0 0.27578125 0.18203125 0.0875 0.1
0 0.4125 0.25859375 0.0625 0.1
0 0.01875 0.76328125 0.0375 0.10625
0 0.51875 0.15859375 0.065625 0.075
0 0.1125 0.25234375 0.078125 0.0875
0 0.0375 0.12734375 0.075 0.1125
0 0.728125 0.134375 0.071875 0.08125
0 0.940625 0.6640625 0.08125 0.1
0 0.08515625 0.953125 0.0640625 0.09375
0 0.4109375 0.528125 0.06875 0.115625
0 0.80078125 0.60234375 0.059375 0.11875
0 0.5921875 0.41796875 0.075 0.109375
0 0.02890625 0.2609375 0.0578125 0.1125
0 0.69765625 0.52265625 0.071875 0.0921875
0 0.55234375 0.02109375 0.06875 0.040625
0 0.775 0.8296875 0.071875 0.103125
0 0.828125 0.31953125 0.078125 0.0890625
0 0.89765625 0.31484375 0.0890625 0.103125
0 0.35703125 0.50390625 0.0640625 0.090625
0 0.753125 0.04453125 0.071875 0.0890625
0 0.715625 0.0171875 0.08125 0.034375
0 0.23203125 0.02109375 0.08125 0.040625
0 0.6546875 0.6625 0.06875 0.078125
0 0.2921875 0.10078125 0.08125 0.115625
0 0.97265625 0.28046875 0.0546875 0.084375
0 0.35625 0.39140625 0.09375 0.125
0 0.85859375 0.3796875 0.065625 0.1015625
0 0.271875 0.26796875 0.06875 0.125
0 0.13203125 0.95390625 0.071875 0.090625
0 0.553125 0.48359375 0.071875 0.13125
0 0.9140625 0.590625 0.06875 0.103125
0 0.08046875 0.42578125 0.059375 0.084375
0 0.671875 0.35859375 0.0640625 0.1171875
0 0.19921875 0.21953125 0.08125 0.1125
0 0.98046875 0.02421875 0.0390625 0.046875
0 0.8234375 0.25625 0.078125 0.084375
0 0.32421875 0.9515625 0.0734375 0.096875
0 0.67265625 0.040625 0.0671875 0.08125
0 0.315625 0.5078125 0.065625 0.096875
0 0.0984375 0.63671875 0.0671875 0.0890625
0 0.0109375 0.6828125 0.021875 0.1015625
0 0.44609375 0.65 0.09375 0.10625
0 0.45234375 0.94375 0.071875 0.10625
0 0.48828125 0.97265625 0.0875 0.0546875
0 0.0546875 0.3203125 0.08125 0.10625
0 0.02109375 0.8484375 0.0421875 0.09375
0 0.17265625 0.11796875 0.059375 0.1
0 0.23203125 0.265625 0.05 0.11875
0 0.63984375 0.89375 0.06875 0.09375
0 0.90703125 0.2390625 0.078125 0.11875
0 0.22890625 0.709375 0.075 0.103125
0 0.45234375 0.0296875 0.096875 0.059375
0 0.596875 0.0609375 0.06875 0.1078125
0 0.0171875 0.61328125 0.034375 0.09375
0 0.8203125 0.4109375 0.065625 0.121875
0 0.64140625 0.528125 0.075 0.103125
0 0.01015625 0.41875 0.0203125 0.11875
0 0.07578125 0.19609375 0.0796875 0.096875
0 0.9484375 0.75390625 0.06875 0.1
0 0.13125 0.01484375 0.059375 0.0296875
0 0.71953125 0.7921875 0.0703125 0.1078125
0 0.359375 0.05625 0.075 0.0875
0 0.790625 0.509375 0.065625 0.1015625
0 0.01796875 0.5125 0.0359375 0.09375
0 0.6984375 0.26875 0.075 0.090625
0 0.53671875 0.96875 0.078125 0.0625
0 0.1203125 0.72109375 0.06875 0.11875
0 0.1796875 0.29921875 0.078125 0.11875
0 0.71484375 0.31953125 0.0734375 0.109375
0 0.73125 0.48515625 0.0640625 0.0875
0 0.9625 0.8390625 0.075 0.0828125
0 0.834375 0.49140625 0.06875 0.109375
0 0.65546875 0.7265625 0.084375 0.0875
0 0.8984375 0.18671875 0.075 0.0828125
0 0.36328125 0.25078125 0.0703125 0.1140625
0 0.3859375 0.01796875 0.059375 0.0359375
0 0.8625 0.59375 0.084375 0.1234375
0 0.95390625 0.221875 0.071875 0.1078125
0 0.00546875 0.91484375 0.0109375 0.1015625
0 0.74453125 0.57890625 0.071875 0.1
0 0.03359375 0.04609375 0.0671875 0.0921875
0 0.73515625 0.86015625 0.0734375 0.1234375
0 0.9890625 0.64765625 0.021875 0.09375
0 0.14140625 0.19296875 0.0671875 0.09375
0 0.03046875 0.3671875 0.059375 0.1
0 0.66875 0.59609375 0.0890625 0.09375
0 0.3296875 0.2046875 0.06875 0.1140625
0 0.8609375 0.02265625 0.05625 0.0453125
0 0.8609375 0.13046875 0.075 0.08125
0 0.50625 0.040625 0.053125 0.08125
0 0.6046875 0.5015625 0.06875 0.1
0 0.175 0.42734375 0.053125 0.10625
0 0.51796875 0.94453125 0.078125 0.071875
0 0.09296875 0.371875 0.078125 0.075
0 0.90859375 0.371875 0.0859375 0.096875
0 0.5046875 0.1078125 0.053125 0.1
0 0.17734375 0.3765625 0.059375 0.0796875
0 0.5484375 0.86796875 0.075 0.1
0 0.24140625 0.0578125 0.071875 0.103125
0 0.5890625 0.56015625 0.065625 0.1
0 0.5859375 0.26328125 0.05625 0.075
0 0.25625 0.6609375 0.06875 0.125
0 0.484375 0.3296875 0.078125 0.0875
0 0.171875 0.74140625 0.06875 0.0734375
0 0.75390625 0.5171875 0.071875 0.0828125
0 0.79453125 0.36171875 0.0796875 0.096875
0 0.8875 0.63515625 0.0859375 0.090625
0 0.01015625 0.32578125 0.0203125 0.1015625
0 0.90703125 0.03359375 0.0453125 0.0671875
0 0.4921875 0.75859375 0.053125 0.096875
0 0.29921875 0.98203125 0.0546875 0.0359375
0 0.95234375 0.9 0.059375 0.1109375