0 0.73984375 0.52109375 0.06875 0.08984375
0 0.30703125 0.7453125 0.0703125 0.109375
0 0.4625 0.90625 0.07265625 0.0890625
0 0.40390625 0.39140625 0.06484375 0.1015625
0 0.53359375 0.640625 0.0703125 0.0953125
0 0.9125 0.80625 0.075 0.09921875
0 0.471875 0.82109375 0.07421875 0.1078125
0 0.609375 0.9078125 0.06875 0.0984375
0 0.553125 0.81640625 0.06796875 0.08828125
0 0.41328125 0.8796875 0.07265625 0.10703125
0 0.77890625 0.4328125 0.0703125 0.0984375
0 0.925 0.36015625 0.0734375 0.1015625
0 0.0921875 0.61796875 0.078125 0.09375
0 0.303125 0.8375 0.07421875 0.0984375
0 0.778125 0.8375 0.08046875 0.09453125
0 0.6546875 0.221875 0.0640625 0.08828125
0 0.16171875 0.6828125 0.08359375 0.09140625
0 0.82265625 0.47109375 0.06875 0.09765625
0 0.05390625 0.56640625 0.071875 0.0921875
0 0.25625 0.7171875 0.07890625 0.134375
0 0.09375 0.95078125 0.0765625 0.0984375
0 0.93125 0.72734375 0.06953125 0.090625
0 0.890625 0.5703125 0.06796875 0.1078125
0 0.58828125 0.14140625 0.06328125 0.0953125
0 0.61328125 0.403125 0.06796875 0.09765625
0 0.04296875 0.78359375 0.08359375 0.09765625
0 0.4421875 0.659375 0.07265625 0.08984375
0 0.36328125 0.72578125 0.07890625 0.12109375
0 0.56953125 0.70390625 0.06953125 0.078125
0 0.51171875 0.778125 0.0703125 0.09296875
0 0.58125 0.05703125 0.0859375 0.10859375
0 0.7125 0.5953125 0.059375 0.09140625
0 0.45234375 0.2875 0.06796875 0.08984375
0 0.55625 0.89609375 0.07265625 0.0890625
0 0.86328125 0.50390625 0.0609375 0.078125
0 0.8578125 0.7671875 0.0609375 0.0875
0 0.278125 0.6140625 0.07421875 0.08046875
0 0.73671875 0.953125 0.07265625 0.09375
0 0.7625 0.58515625 0.06171875 0.07890625
0 0.67265625 0.334375 0.06640625 0.08671875
0 0.05703125 0.471875 0.06328125 0.109375
0 0.19765625 0.540625 0.08125 0.09140625
0 0.103125 0.81484375 0.06953125 0.09453125
0 0.86953125 0.85625 0.06484375 0.08203125
0 0.88046875 0.68359375 0.05859375 0.09296875
0 0.46171875 0.20625 0.065625 0.08046875
0 0.9671875 0.39765625 0.06171875 0.0890625
0 0.15078125 0.415625 0.0734375 0.09453125
0 0.2609375 0.1203125 0.07265625 0.11015625
0 0.95390625 0.8421875 0.0671875 0.0828125
0 0.0671875 0.7109375 0.07109375 0.09296875
0 0.121875 0.5421875 0.0796875 0.0953125
0 0.2625 0.54453125 0.06171875 0.09140625
0 0.23046875 0.478125 0.06640625 0.0828125
0 0.2796875 0.31640625 0.0703125 0.090625
0 0.30859375 0.66015625 0.06015625 0.09453125
0 0.3515625 0.940625 0.06953125 0.103125
0 0.19140625 0.75546875 0.075 0.1
0 0.709375 0.278125 0.07890625 0.09453125
0 0.240625 0.971875 0.08515625 0.05546875
0 0.40234375 0.621875 0.06796875 0.09296875
0 0.1875 0.84921875 0.06640625 0.0921875
0 0.57578125 0.95859375 0.0703125 0.0828125
0 0.259375 0.90546875 0.0671875 0.121875
0 0.6921875 0.4390625 0.059375 0.08828125
0 0.4671875 0.1359375 0.071875 0.0875
0 0.4640625 0.7421875 0.06015625 0.08203125
0 0.14140625 0.625 0.0640625 0.07421875
0 0.13828125 0.87109375 0.0578125 0.08203125
0 0.6796875 0.76171875 0.06953125 0.090625
0 0.9375 0.22890625 0.0734375 0.09375
0 0.9265625 0.64140625 0.059375 0.09296875
0 0.3390625 0.284375 0.06640625 0.08671875
0 0.81015625 0.60390625 0.05625 0.06953125
0 0.034375 0.93828125 0.06875 0.1140625
0 0.77578125 0.91015625 0.0703125 0.0859375
0 0.63828125 0.63828125 0.06328125 0.08671875
0 0.9671875 0.31171875 0.0609375 0.08671875
0 0.828125 0.3984375 0.0703125 0.078125
0 0.71171875 0.83203125 0.06328125 0.09375
0 0.4734375 0.621875 0.07578125 0.09296875
0 0.1984375 0.246875 0.09453125 0.12890625
0 0.634375 0.09375 0.065625 0.1109375
0 0.89453125 0.95625 0.07890625 0.08671875
0 0.01953125 0.53515625 0.0375 0.10390625
0 0.0328125 0.35859375 0.06484375 0.0875
0 0.25703125 0.246875 0.06640625 0.1109375
0 0.07109375 0.31328125 0.07109375 0.0984375
0 0.21328125 0.90625 0.06875 0.096875
0 0.209375 0.39765625 0.07890625 0.1109375
0 0.0375 0.634375 0.075 0.08359375
0 0.96953125 0.70546875 0.0578125 0.06953125
0 0.12109375 0.7296875 0.0734375 0.090625
0 0.725 0.7453125 0.05390625 0.09140625
0 0.68828125 0.909375 0.065625 0.13203125
0 0.6265625 0.16953125 0.0625 0.07265625
0 0.9109375 0.08359375 0.06796875 0.0953125
0 0.81015625 0.3421875 0.0671875 0.0796875
0 0.77265625 0.7 0.0640625 0.08671875
0 0.15234375 0.79140625 0.06953125 0.09765625
0 0.66328125 0.396875 0.0484375 0.07578125
0 0.940625 0.96875 0.0625 0.06171875
0 0.6390625 0.46328125 0.0609375 0.09296875
0 0.47421875 0.06328125 0.0609375 0.0921875
0 0.92578125 0.43515625 0.0578125 0.07890625
0 0.6453125 0.71484375 0.06328125 0.08515625
0 0.54140625 0.109375 0.05625 0.08359375
0 0.7515625 0.16953125 0.0671875 0.08671875
0 0.1921875 0.96484375 0.05703125 0.0640625
0 0.4171875 0.21875 0.06015625 0.0875
0 0.1453125 0.33515625 0.08046875 0.1
0 0.49609375 0.69296875 0.06875 0.08359375
0 0.6578125 0.51484375 0.059375 0.08359375
0 0.975 0.78125 0.05 0.0984375
0 0.82109375 0.20859375 0.084375 0.0890625
0 0.6671875 0.9765625 0.078125 0.046875
0 0.39140625 0.48984375 0.06328125 0.090625
0 0.35234375 0.21796875 0.075 0.07890625
0 0.665625 0.590625 0.05546875 0.0875
0 0.953125 0.14765625 0.06875 0.0921875
0 0.6640625 0.80859375 0.0625 0.08984375
0 0.5640625 0.23046875 0.06484375 0.1140625
0 0.36015625 0.86875 0.0640625 0.07890625
0 0.79453125 0.53515625 0.06015625 0.1015625
0 0.45625 0.98359375 0.078125 0.0328125
0 0.6125 0.81484375 0.0703125 0.096875
0 0.41328125 0.7109375 0.06484375 0.08828125
0 0.82265625 0.28203125 0.06953125 0.09140625
0 0.39453125 0.8078125 0.0703125 0.0953125
0 0.51875 0.04921875 0.0578125 0.09140625
0 0.8671875 0.1359375 0.06796875 0.09453125
0 0.2609375 0.04140625 0.06484375 0.08046875
0 0.5609375 0.48359375 0.0640625 0.0890625
0 0.9609375 0.9109375 0.06875 0.08515625
0 0.43671875 0.0796875 0.0578125 0.07734375
0 0.08359375 0.40625 0.0796875 0.10234375
0 0.84296875 0.55546875 0.0515625 0.0734375
0 0.51015625 0.21796875 0.0578125 0.09609375
0 0.83828125 0.81875 0.06015625 0.06796875
0 0.61171875 0.98125 0.075 0.0375
0 0.534375 0.36015625 0.06328125 0.0859375
0 0.56484375 0.30703125 0.07265625 0.0890625
0 0.509375 0.94453125 0.08203125 0.10703125
0 0.1859375 0.5984375 0.071875 0.090625
0 0.7296875 0.39921875 0.06171875 0.096875
0 0.371875 0.16484375 0.06171875 0.07109375
0 0.3296875 0.0421875 0.06328125 0.084375
0 0.60625 0.2453125 0.0625 0.10703125
0 0.3046875 0.09609375 0.06015625 0.08828125
0 0.6265625 0.33671875 0.05703125 0.07890625
0 0.58671875 0.5265625 0.053125 0.0609375
0 0.409375 0.9578125 0.09375 0.0828125
0 0.3546875 0.6140625 0.0640625 0.07109375
0 0.76953125 0.77265625 0.06796875 0.08125
0 0.1421875 0.10703125 0.05625 0.08359375
0 0.76953125 0.640625 0.059375 0.0625
0 0.91953125 0.2890625 0.06171875 0.0859375
0 0.41328125 0.5453125 0.06328125 0.07578125
0 0.8078125 0.76328125 0.05859375 0.08125
0 0.91484375 0.4984375 0.05859375 0.075
0 0.93828125 0.54921875 0.05625 0.0828125
0 0.61015625 0.68046875 0.06015625 0.08359375
0 0.5078125 0.315625 0.0703125 0.0828125
0 0.140625 0.9390625 0.0640625 0.090625
0 0.70234375 0.675 0.0796875 0.10390625
0 0.7578125 0.0359375 0.06484375 0.071875
0 0.83125 0.90859375 0.06171875 0.109375
0 0.9046875 0.16796875 0.059375 0.0890625
0 0.33125 0.3625 0.07578125 0.10546875
0 0.36796875 0.43671875 0.06015625 0.0734375
0 0.86171875 0.28515625 0.059375 0.09375
0 0.4515625 0.4015625 0.059375 0.1
0 0.34375 0.80625 0.05703125 0.07890625
0 0.3421875 0.49453125 0.05390625 0.1
0 0.63984375 0.94609375 0.05625 0.0734375
0 0.02734375 0.85546875 0.05078125 0.08984375
0 0.978125 0.64453125 0.04375 0.10078125
0 0.11875 0.16875 0.071875 0.084375
0 0.28359375 0.46640625 0.04296875 0.08828125
0 0.3953125 0.2875 0.07265625 0.09921875
0 0.3 0.2046875 0.07421875 0.09375
0 0.2421875 0.35859375 0.0546875 0.08125
0 0.6234375 0.56328125 0.06015625 0.07890625
0 0.309375 0.98046875 0.0734375 0.03828125
0 0.98359375 0.55703125 0.0328125 0.0953125
0 0.87421875 0.43359375 0.06171875 0.09140625
0 0.98203125 0.2359375 0.0359375 0.1125
0 0.63203125 0.85 0.06796875 0.08359375
0 0.81796875 0.6890625 0.06171875 0.09765625
0 0.14453125 0.49375 0.0640625 0.0921875
0 0.54765625 0.425 0.065625 0.08828125
0 0.4953125 0.38671875 0.05625 0.096875
0 0.81796875 0.02109375 0.07109375 0.04140625
0 0.11171875 0.67578125 0.0546875 0.06484375
0 0.5078125 0.45390625 0.0640625 0.0859375
0 0.9828125 0.96640625 0.03125 0.0671875
0 0.8015625 0.9609375 0.08203125 0.07109375
0 0.0734375 0.8640625 0.0625 0.08828125
0 0.91484375 0.903125 0.06171875 0.08203125
0 0.88984375 0.31875 0.053125 0.0796875
0 0.1859375 0.471875 0.0515625 0.0765625
0 0.0578125 0.9796875 0.065625 0.040625
0 0.56875 0.759375 0.059375 0.07421875
0 0.89765625 0.02578125 0.07109375 0.0515625
0 0.3703125 0.35859375 0.04765625 0.11171875
0 0.63203125 0.28203125 0.06328125 0.075
0 0.44765625 0.021875 0.065625 0.040625
0 0.971875 0.48828125 0.05 0.090625
0 0.65859375 0.0421875 0.06640625 0.08203125
0 0.10625 0.4703125 0.06171875 0.08203125
0 0.72890625 0.33671875 0.06328125 0.075
0 0.86953125 0.21484375 0.05625 0.084375
0 0.196875 0.14453125 0.0734375 0.10078125
0 0.61484375 0.753125 0.06875 0.071875
0 0.85703125 0.625 0.05859375 0.084375
0 0.73984375 0.4640625 0.0546875 0.0625
0 0.2234375 0.8078125 0.0625 0.084375
0 0.10625 0.36875 0.06640625 0.09765625
0 0.3078125 0.39765625 0.06484375 0.08125
0 0.78359375 0.08203125 0.0609375 0.103125
0 0.69375 0.5171875 0.0515625 0.08359375
0 0.3203125 0.5703125 0.06875 0.09375
0 0.5953125 0.60546875 0.0734375 0.090625
0 0.56796875 0.58671875 0.06328125 0.071875
0 0.2578125 0.40546875 0.0484375 0.0921875
0 0.7359375 0.8796875 0.05078125 0.08125
0 0.23359375 0.63984375 0.06171875 0.10546875
0 0.6796875 0.11484375 0.05625 0.1046875
0 0.08359375 0.21875 0.0765625 0.10703125
0 0.0234375 0.715625 0.04375 0.0953125
0 0.4140625 0.1515625 0.06328125 0.096875
0 0.425 0.77578125 0.0609375 0.08671875
0 0.2640625 0.78828125 0.059375 0.07890625
0 0.39765625 0.1140625 0.0640625 0.0921875
0 0.43671875 0.48984375 0.05625 0.096875
0 0.7109375 0.02421875 0.06796875 0.04296875
0 0.309375 0.9015625 0.05859375 0.06875
0 0.0296875 0.26796875 0.059375 0.109375
0 0.8234375 0.1109375 0.0578125 0.09609375
0 0.77421875 0.25703125 0.07421875 0.11171875
0 0.88671875 0.753125 0.0515625 0.07421875
0 0.9859375 0.8828125 0.028125 0.10625
0 0.7328125 0.09375 0.071875 0.10625
0 0.1046875 0.09375 0.065625 0.071875
0 0.4859375 0.521875 0.04765625 0.06640625
0 0.059375 0.1359375 0.08046875 0.09375
0 0.31875 0.15546875 0.06796875 0.06484375
0 0.1203125 0.040625 0.0578125 0.06875
0 0.34765625 0.11484375 0.06484375 0.07734375
0 0.40703125 0.04140625 0.06640625 0.08203125
0 0.034375 0.209375 0.0625 0.10234375
0 0.021875 0.42734375 0.040625 0.07734375
0 0.240625 0.17734375 0.0625 0.06953125
0 0.57734375 0.36484375 0.06015625 0.07578125
0 0.86640625 0.92421875 0.05625 0.090625
0 0.496875 0.57734375 0.0625 0.05859375
0 0.96171875 0.60390625 0.06640625 0.07265625
0 0.734375 0.66953125 0.0453125 0.1
0 0.29609375 0.01953125 0.06953125 0.034375
0 0.021875 0.46640625 0.04140625 0.0671875
0 0.97109375 0.0828125 0.05078125 0.09765625
0 0.29453125 0.953125 0.06484375 0.0796875
0 0.96484375 0.034375 0.06953125 0.06875
0 0.53828125 0.98515625 0.0765625 0.0296875
0 0.13984375 0.25234375 0.053125 0.10859375
0 0.35546875 0.6609375 0.06640625 0.07109375
0 0.14609375 0.975 0.065625 0.05
0 0.61796875 0.02109375 0.065625 0.040625
0 0.36796875 0.021875 0.078125 0.03984375
0 0.51953125 0.5171875 0.05234375 0.075
0 0.8453125 0.04453125 0.05703125 0.07421875
0 0.36484375 0.06875 0.059375 0.0796875
0 0.48046875 0.4796875 0.053125 0.090625
0 0.23828125 0.84921875 0.06484375 0.0640625
0 0.71640625 0.14375 0.05625 0.09609375
0 0.71015625 0.20859375 0.0625 0.065625
0 0.8140625 0.98671875 0.08203125 0.0265625
0 0.76796875 0.31484375 0.0609375 0.0828125
0 0.76953125 0.37265625 0.05625 0.07421875
0 0.68125 0.16953125 0.0625 0.078125
0 0.746875 0.2359375 0.05390625 0.08359375
0 0.1890625 0.040625 0.06796875 0.08125
0 0.4453125 0.57734375 0.0484375 0.0625
0 0.58984375 0.47109375 0.053125 0.084375
0 0.540625 0.15390625 0.05 0.075
0 0.01796875 0.1640625 0.034375 0.109375
0 0.8453125 0.70390625 0.05859375 0.07265625
0 0.21640625 0.6953125 0.0453125 0.084375