0 0.24765625 0.96484375 0.0828125 0.06875
0 0.62265625 0.89609375 0.09375 0.109375
0 0.26328125 0.88046875 0.090625 0.128125
0 0.26015625 0.64453125 0.096875 0.11875
0 0.67109375 0.47109375 0.084375 0.115625
0 0.38984375 0.025 0.103125 0.05
0 0.91328125 0.2515625 0.0921875 0.10625
0 0.3078125 0.8296875 0.0859375 0.115625
0 0.93359375 0.965625 0.0859375 0.06875
0 0.75390625 0.584375 0.078125 0.134375
0 0.82578125 0.90078125 0.075 0.09375
0 0.11640625 0.98046875 0.0828125 0.0390625
0 0.221875 0.696875 0.078125 0.0984375
0 0.19453125 0.94296875 0.0859375 0.1125
0 0.0796875 0.5890625 0.078125 0.109375
0 0.9828125 0.51875 0.034375 0.103125
0 0.88203125 0.9421875 0.078125 0.1109375
0 0.53125 0.7078125 0.1 0.125
0 0.8765625 0.56875 0.08125 0.1140625
0 0.421875 0.9640625 0.08125 0.071875
0 0.78828125 0.33671875 0.08125 0.115625
0 0.1359375 0.7734375 0.09375 0.140625
0 0.78046875 0.85390625 0.0796875 0.1125
0 0.98046875 0.83984375 0.0390625 0.1125
0 0.6265625 0.42265625 0.075 0.11875
0 0.91796875 0.02421875 0.08125 0.046875
0 0.57734375 0.5296875 0.0734375 0.1
0 0.42421875 0.38984375 0.0765625 0.109375
0 0.05859375 0.90546875 0.09375 0.109375
0 0.7296875 0.9140625 0.075 0.096875
0 0.72109375 0.5015625 0.071875 0.1015625
0 0.19609375 0.18125 0.075 0.1078125
0 0.73359375 0.7140625 0.0875 0.1140625
0 0.9359375 0.56796875 0.06875 0.109375
0 0.61796875 0.9640625 0.0796875 0.071875
0 0.54296875 0.8890625 0.078125 0.10625
0 0.92109375 0.7203125 0.0796875 0.1
0 0.609375 0.73828125 0.078125 0.10625
0 0.87890625 0.071875 0.0765625 0.115625
0 0.84140625 0.27109375 0.078125 0.1
0 0.60234375 0.6015625 0.071875 0.0890625
0 0.63984375 0.54140625 0.0828125 0.128125
0 0.65859375 0.15859375 0.0984375 0.1125
0 0.86875 0.83125 0.096875 0.121875
0 0.43828125 0.11328125 0.075 0.0859375
0 0.96484375 0.04453125 0.0703125 0.0890625
0 0.2890625 0.73515625 0.084375 0.1015625
0 0.025 0.56015625 0.05 0.10625
0 0.17734375 0.6484375 0.084375 0.115625
0 0.67421875 0.24375 0.08125 0.109375
0 0.51640625 0.9890625 0.084375 0.021875
0 0.37265625 0.74296875 0.084375 0.09375
0 0.790625 0.6671875 0.0765625 0.1125
0 0.7984375 0.76796875 0.0859375 0.109375
0 0.35390625 0.878125 0.090625 0.1125
0 0.875 0.3296875 0.075 0.10625
0 0.92109375 0.80703125 0.096875 0.121875
0 0.13828125 0.56953125 0.0765625 0.1
0 0.0375 0.28359375 0.075 0.121875
0 0.16953125 0.86953125 0.0875 0.1125
0 0.03359375 0.63671875 0.0671875 0.090625
0 0.96171875 0.4484375 0.075 0.121875
0 0.13359375 0.4234375 0.0875 0.0984375
0 0.17578125 0.3609375 0.071875 0.109375
0 0.33125 0.66640625 0.0875 0.115625
0 0.23984375 0.253125 0.0796875 0.1
0 0.6765625 0.3828125 0.078125 0.09375
0 0.49375 0.30625 0.078125 0.1
0 0.53671875 0.2328125 0.084375 0.1125
0 0.06171875 0.7953125 0.09375 0.134375
0 0.51875 0.43203125 0.078125 0.109375
0 0.30625 0.9796875 0.1 0.040625
0 0.91328125 0.484375 0.0734375 0.090625
0 0.97265625 0.20625 0.0546875 0.10625
0 0.36171875 0.953125 0.0953125 0.09375
0 0.93359375 0.0953125 0.078125 0.103125
0 0.25703125 0.08203125 0.0875 0.10625
0 0.45390625 0.67265625 0.078125 0.103125
0 0.84296875 0.3765625 0.075 0.1
0 0.475 0.17421875 0.075 0.1
0 0.259375 0.02265625 0.075 0.0453125
0 0.82421875 0.0828125 0.0765625 0.109375
0 0.128125 0.94609375 0.08125 0.096875
0 0.83515625 0.965625 0.0859375 0.06875
0 0.559375 0.7953125 0.065625 0.109375
0 0.13828125 0.10703125 0.0703125 0.084375
0 0.05078125 0.15390625 0.0875 0.11875
0 0.50703125 0.8046875 0.084375 0.1
0 0.021875 0.76328125 0.04375 0.1546875
0 0.4390625 0.56484375 0.078125 0.103125
0 0.5875 0.11875 0.084375 0.10625
0 0.1015625 0.49453125 0.078125 0.103125
0 0.4375 0.3109375 0.075 0.0984375
0 0.809375 0.18671875 0.09375 0.121875
0 0.0875 0.3265625 0.084375 0.0984375
0 0.9171875 0.3828125 0.0765625 0.1078125
0 0.54375 0.61875 0.078125 0.103125
0 0.84296875 0.025 0.096875 0.05
0 0.66171875 0.62265625 0.071875 0.090625
0 0.7328125 0.42421875 0.075 0.1015625
0 0.78515625 0.25 0.071875 0.096875
0 0.34609375 0.41484375 0.0890625 0.109375
0 0.96953125 0.67421875 0.0609375 0.109375
0 0.33828125 0.05859375 0.0703125 0.1171875
0 0.484375 0.61796875 0.06875 0.1
0 0.4875 0.86015625 0.0828125 0.1125
0 0.6578125 0.315625 0.0765625 0.0921875
0 0.46015625 0.76015625 0.078125 0.109375
0 0.76953125 0.03359375 0.0703125 0.0671875
0 0.9328125 0.909375 0.06875 0.0875
0 0.10625 0.86953125 0.071875 0.09375
0 0.31171875 0.015625 0.0703125 0.03125
0 0.72265625 0.165625 0.078125 0.1
0 0.25390625 0.1546875 0.08125 0.1
0 0.67421875 0.9578125 0.0703125 0.084375
0 0.17265625 0.26484375 0.0921875 0.128125
0 0.45 0.0453125 0.078125 0.090625
0 0.76328125 0.11328125 0.075 0.10625
0 0.29375 0.215625 0.0875 0.090625
0 0.99140625 0.67421875 0.015625 0.10625
0 0.37578125 0.809375 0.075 0.084375
0 0.55390625 0.38515625 0.08125 0.1078125
0 0.71328125 0.8125 0.0796875 0.09375
0 0.45546875 0.47890625 0.0828125 0.1375
0 0.24921875 0.78671875 0.071875 0.0984375
0 0.60546875 0.66484375 0.0734375 0.071875
0 0.38984375 0.07890625 0.075 0.1078125
0 0.7828125 0.95859375 0.084375 0.0828125
0 0.690625 0.8703125 0.0703125 0.0875
0 0.9796875 0.5890625 0.040625 0.084375
0 0.709375 0.64453125 0.0703125 0.096875
0 0.86015625 0.66640625 0.0859375 0.1203125
0 0.01953125 0.20390625 0.0390625 0.14375
0 0.696875 0.56484375 0.0578125 0.084375
0 0.115625 0.17421875 0.090625 0.090625
0 0.16953125 0.05390625 0.075 0.1078125
0 0.4859375 0.37734375 0.0671875 0.0875
0 0.2015625 0.5625 0.084375 0.0953125
0 0.86875 0.446875 0.075 0.121875
0 0.9734375 0.9265625 0.053125 0.121875
0 0.009375 0.334375 0.01875 0.0875
0 0.11953125 0.63515625 0.071875 0.078125
0 0.3734375 0.271875 0.090625 0.10625
0 0.190625 0.753125 0.075 0.0984375
0 0.28671875 0.35625 0.06875 0.11875
0 0.4046875 0.62734375 0.0890625 0.109375
0 0.19453125 0.46328125 0.059375 0.1140625
0 0.98515625 0.11796875 0.0296875 0.1265625
0 0.721875 0.06953125 0.08125 0.11875
0 0.3703125 0.19140625 0.078125 0.13125
0 0.10078125 0.2484375 0.078125 0.1
0 0.0578125 0.04609375 0.06875 0.0921875
0 0.784375 0.42265625 0.075 0.09375
0 0.9203125 0.64453125 0.0734375 0.084375
0 0.025 0.95703125 0.05 0.0859375
0 0.43125 0.89375 0.096875 0.13125
0 0.7765625 0.49765625 0.0671875 0.0921875
0 0.646875 0.81171875 0.08125 0.090625
0 0.66796875 0.73828125 0.075 0.096875
0 0.06953125 0.69375 0.078125 0.109375
0 0.65078125 0.0515625 0.0875 0.103125
0 0.4515625 0.24296875 0.075 0.084375
0 0.02890625 0.0625 0.0578125 0.125
0 0.36875 0.46953125 0.08125 0.0859375
0 0.33828125 0.3390625 0.075 0.1
0 0.30859375 0.4546875 0.059375 0.1125
0 0.96953125 0.35234375 0.0609375 0.1
0 0.903125 0.1546875 0.0734375 0.1109375
0 0.2609375 0.47578125 0.065625 0.11875
0 0.0703125 0.9703125 0.071875 0.059375
0 0.9703125 0.28125 0.059375 0.0859375
0 0.23359375 0.3703125 0.071875 0.11875
0 0.94375 0.17578125 0.071875 0.09375
0 0.82265625 0.509375 0.0703125 0.11875
0 0.05859375 0.38671875 0.0875 0.1125
0 0.57734375 0.4578125 0.065625 0.075
0 0.8703125 0.18828125 0.0828125 0.115625
0 0.30859375 0.2953125 0.078125 0.10625
0 0.3671875 0.6046875 0.075 0.096875
0 0.0234375 0.8421875 0.046875 0.103125
0 0.0796875 0.10234375 0.078125 0.071875
0 0.559375 0.0484375 0.090625 0.096875
0 0.60625 0.28359375 0.0703125 0.1015625
0 0.10703125 0.05390625 0.078125 0.096875
0 0.52421875 0.56875 0.0875 0.10625
0 0.38671875 0.5421875 0.0640625 0.109375
0 0.6046875 0.81875 0.084375 0.09375
0 0.38046875 0.3390625 0.075 0.090625
0 0.42890625 0.803125 0.078125 0.0984375
0 0.57734375 0.95078125 0.059375 0.0984375
0 0.74921875 0.2828125 0.06875 0.0875
0 0.7265625 0.97109375 0.05625 0.0578125
0 0.59453125 0.19921875 0.06875 0.103125
0 0.66015625 0.6859375 0.0640625 0.06875
0 0.425 0.71875 0.0734375 0.09375
0 0.1421875 0.334375 0.065625 0.1234375
0 0.9734375 0.765625 0.053125 0.1046875
0 0.27890625 0.5671875 0.0875 0.121875
0 0.12109375 0.70078125 0.084375 0.09375
0 0.02578125 0.39296875 0.0515625 0.1140625
0 0.49921875 0.0515625 0.0609375 0.103125
0 0.19375 0.10390625 0.06875 0.10625
0 0.02734375 0.46015625 0.0546875 0.10625
0 0.33671875 0.5484375 0.0984375 0.13125
0 0.00859375 0.921875 0.0171875 0.075
0 0.21796875 0.02578125 0.065625 0.0515625
0 0.20390625 0.82578125 0.078125 0.1125
0 0.8125 0.565625 0.0796875 0.11875
0 0.0515625 0.5125 0.06875 0.103125
0 0.303125 0.921875 0.071875 0.096875
0 0.83671875 0.7390625 0.075 0.090625
0 0.00703125 0.12734375 0.0140625 0.0765625
0 0.41484375 0.19453125 0.078125 0.11875
0 0.15859375 0.490625 0.0671875 0.1015625
0 0.4078125 0.47109375 0.053125 0.1
0 0.22890625 0.43046875 0.0671875 0.0484375
0 0.71640625 0.246875 0.075 0.1109375
0 0.22734375 0.5046875 0.08125 0.11875
0 0.534375 0.16015625 0.0734375 0.071875
0 0.49921875 0.10546875 0.0671875 0.10625
0 0.32109375 0.76953125 0.078125 0.0671875
0 0.70234375 0.0109375 0.06875 0.021875
0 0.521875 0.9453125 0.0546875 0.09375
0 0.56171875 0.30703125 0.059375 0.0703125