0 0.2546875 0.7890625 0.0375 0.0484375
0 0.34296875 0.8484375 0.034375 0.046875
0 0.46171875 0.96328125 0.028125 0.04375
0 0.24375 0.83828125 0.034375 0.05
0 0.21875 0.8078125 0.0375 0.0515625
0 0.165625 0.73828125 0.046875 0.0609375
0 0.22421875 0.7046875 0.04375 0.059375
0 0.3828125 0.98203125 0.0390625 0.0359375
0 0.14609375 0.790625 0.04375 0.0546875
0 0.2671875 0.8921875 0.0375 0.0453125
0 0.45546875 0.5078125 0.0484375 0.0640625
0 0.20546875 0.55625 0.04375 0.05625
0 0.25859375 0.4265625 0.053125 0.08125
0 0.3171875 0.9234375 0.03125 0.046875
0 0.44375 0.0328125 0.034375 0.05
0 0.43125 0.90546875 0.0453125 0.053125
0 0.36484375 0.79765625 0.0421875 0.053125
0 0.1875 0.78671875 0.04375 0.0515625