0 0.58046875 0.178125 0.06015625 0.04296875
0 0.59453125 0.21796875 0.05859375 0.046875
0 0.5265625 0.4203125 0.0609375 0.04765625
0 0.40625 0.15390625 0.0484375 0.04453125
0 0.565625 0.29375 0.07578125 0.05
0 0.190625 0.49453125 0.03984375 0.028125
0 0.55 0.3359375 0.0515625 0.03984375
0 0.45703125 0.42109375 0.05390625 0.04453125
0 0.50078125 0.2359375 0.06640625 0.04921875
0 0.4296875 0.3109375 0.06484375 0.04765625
0 0.46640625 0.45859375 0.046875 0.0390625
0 0.23046875 0.39765625 0.04375 0.03125