0 0.44140625 0.421875 0.03828125 0.025
0 0.20625 0.71484375 0.0390625 0.03046875
0 0.52734375 0.3078125 0.03046875 0.0265625
0 0.8578125 0.45546875 0.03125 0.0234375
0 0.6546875 0.01953125 0.02265625 0.0171875
0 0.43671875 0.56484375 0.04296875 0.03984375
0 0.98203125 0.1890625 0.0296875 0.02265625
0 0.1609375 0.66953125 0.0421875 0.02890625
0 0.63515625 0.38828125 0.02890625 0.02109375
0 0.34140625 0.0625 0.03046875 0.0234375
0 0.5015625 0.5171875 0.0359375 0.03125
0 0.6984375 0.3875 0.03515625 0.025
0 0.46953125 0.00859375 0.0234375 0.0171875
0 0.80859375 0.3796875 0.04140625 0.0265625
0 0.0625 0.43359375 0.03046875 0.0234375
0 0.696875 0.496875 0.03671875 0.02890625
0 0.2578125 0.490625 0.03671875 0.025
0 0.76015625 0.315625 0.03671875 0.0296875
0 0.46796875 0.44453125 0.034375 0.03125
0 0.4484375 0.38828125 0.03515625 0.03125
0 0.653125 0.0375 0.02109375 0.01875
0 0.421875 0.53046875 0.046875 0.03359375
0 0.684375 0.375 0.025 0.01953125
0 0.78671875 0.3625 0.03515625 0.02734375
0 0.07890625 0.45703125 0.0421875 0.0328125
0 0.55390625 0.19921875 0.03203125 0.03125
0 0.38359375 0.29609375 0.02421875 0.0203125
0 0.26328125 0.07265625 0.028125 0.025
0 0.19296875 0.3171875 0.034375 0.028125
0 0.1265625 0.32109375 0.0375 0.02421875
0 0.475 0.54296875 0.046875 0.03515625
0 0.621875 0.1359375 0.028125 0.0234375
0 0.23125 0.534375 0.04296875 0.03046875
0 0.19375 0.35234375 0.034375 0.02421875
0 0.5390625 0.42421875 0.040625 0.0296875
0 0.325 0.2765625 0.034375 0.0265625