0 0.24609375 0.18203125 0.0390625 0.0328125
0 0.65859375 0.43515625 0.0390625 0.0328125
0 0.4421875 0.5421875 0.04296875 0.03125
0 0.01640625 0.10390625 0.03203125 0.0359375
0 0.290625 0.32109375 0.03125 0.028125
0 0.58828125 0.52890625 0.03359375 0.0265625
0 0.55703125 0.49921875 0.03359375 0.0265625
0 0.62578125 0.5828125 0.0359375 0.02890625
0 0.275 0.29140625 0.0296875 0.028125
0 0.96640625 0.425 0.0453125 0.03671875
0 0.41796875 0.51796875 0.046875 0.0390625
0 0.6484375 0.40546875 0.04296875 0.02890625
0 0.4984375 0.43203125 0.046875 0.040625