0 0.478125 0.3265625 0.06171875 0.05
0 0.18671875 0.2328125 0.05546875 0.0359375
0 0.29921875 0.1859375 0.06015625 0.0390625
0 0.240625 0.240625 0.053125 0.03828125
0 0.5578125 0.20546875 0.03046875 0.02109375
0 0.2703125 0.50390625 0.06484375 0.05078125
0 0.77265625 0.4609375 0.0609375 0.03984375
0 0.403125 0.3109375 0.05 0.0421875
0 0.72421875 0.40859375 0.03359375 0.02890625
0 0.38828125 0.49765625 0.07890625 0.05078125
0 0.2546875 0.13125 0.071875 0.0578125
0 0.65625 0.45234375 0.03984375 0.025