0 0.38125 0.609375 0.028125 0.0421875
0 0.70078125 0.865625 0.0328125 0.04375
0 0.25703125 0.51484375 0.028125 0.0328125
0 0.41796875 0.15390625 0.025 0.034375
0 0.5375 0.6140625 0.04375 0.046875
0 0.12734375 0.01875 0.025 0.0328125
0 0.65234375 0.915625 0.03125 0.0453125
0 0.34453125 0.396875 0.0234375 0.03125
0 0.48515625 0.54296875 0.034375 0.0390625
0 0.34375 0.328125 0.028125 0.0375
0 0.3359375 0.2078125 0.028125 0.0453125
0 0.46328125 0.3296875 0.03125 0.040625
0 0.45703125 0.80859375 0.028125 0.040625
0 0.265625 0.26015625 0.0328125 0.040625
0 0.40625 0.5796875 0.034375 0.0375
0 0.34453125 0.6015625 0.034375 0.0375
0 0.5 0.6296875 0.0359375 0.0515625
0 0.3296875 0.34375 0.021875 0.028125
0 0.31640625 0.23203125 0.0296875 0.0375
0 0.41953125 0.990625 0.0359375 0.01875
0 0.13828125 0.4859375 0.034375 0.034375
0 0.24375 0.671875 0.021875 0.0265625
0 0.00703125 0.803125 0.0140625 0.0296875
0 0.2671875 0.8796875 0.03125 0.0375
0 0.27109375 0.95234375 0.0265625 0.0421875
0 0.51328125 0.571875 0.0375 0.0515625
0 0.06953125 0.41171875 0.025 0.03125
0 0.5046875 0.83828125 0.0328125 0.046875
0 0.30546875 0.87890625 0.0265625 0.0375
0 0.384375 0.50234375 0.0328125 0.04375
0 0.22265625 0.7359375 0.028125 0.0375