0 0.078125 0.2640625 0.0375 0.0296875
0 0.5171875 0.28359375 0.03046875 0.02265625
0 0.95 0.92734375 0.0390625 0.03203125
0 0.578125 0.33046875 0.03046875 0.0234375
0 0.7 0.4125 0.040625 0.0265625
0 0.978125 0.346875 0.04296875 0.03984375
0 0.92734375 0.30390625 0.05078125 0.0421875
0 0.82578125 0.36328125 0.04921875 0.03671875
0 0.24140625 0.22421875 0.03984375 0.03515625
0 0.5109375 0.60859375 0.0390625 0.034375
0 0.49765625 0.415625 0.03515625 0.028125
0 0.4734375 0.2453125 0.0328125 0.02421875
0 0.46328125 0.22109375 0.03203125 0.02890625
0 0.384375 0.23203125 0.03828125 0.02734375
0 0.88984375 0.934375 0.03671875 0.03515625
0 0.3546875 0.2015625 0.0375 0.02734375
0 0.571875 0.309375 0.034375 0.025
0 0.675 0.43125 0.03671875 0.02890625
0 0.3484375 0.23828125 0.04296875 0.02890625
0 0.77578125 0.37578125 0.0453125 0.03203125
0 0.14296875 0.4578125 0.0390625 0.028125
0 0.54921875 0.5546875 0.03359375 0.02734375
0 0.5671875 0.353125 0.03203125 0.02421875
0 0.165625 0.50625 0.03828125 0.02890625
0 0.940625 0.4140625 0.04453125 0.0375
0 0.41328125 0.3328125 0.03515625 0.028125
0 0.44453125 0.3015625 0.0359375 0.0265625
0 0.434375 0.35859375 0.03359375 0.02578125
0 0.77578125 0.41875 0.046875 0.0390625
0 0.4359375 0.13359375 0.034375 0.028125
0 0.65703125 0.36796875 0.03359375 0.0265625