0 0.2796875 0.7296875 0.096875 0.06171875
0 0.44296875 0.1703125 0.084375 0.0578125
0 0.9359375 0.84296875 0.0953125 0.06328125
0 0.509375 0.1109375 0.06953125 0.05703125
0 0.28828125 0.03515625 0.0859375 0.06953125
0 0.38515625 0.72578125 0.0859375 0.06015625
0 0.5171875 0.17109375 0.0828125 0.0578125
0 0.19609375 0.10703125 0.09296875 0.0765625
0 0.38046875 0.1359375 0.078125 0.06484375
0 0.909375 0.7453125 0.09375 0.0734375
0 0.05859375 0.20078125 0.09296875 0.0671875
0 0.79921875 0.828125 0.08828125 0.07265625
0 0.3328125 0.771875 0.0859375 0.06015625
0 0.27734375 0.121875 0.084375 0.06640625
0 0.0625 0.32421875 0.09609375 0.0625
0 0.07890625 0.2671875 0.09296875 0.065625
0 0.08046875 0.37890625 0.09296875 0.0671875
0 0.8890625 0.58828125 0.09375 0.0671875
0 0.6265625 0.6453125 0.09375 0.06640625
0 0.8015625 0.61875 0.1 0.0671875
0 0.70546875 0.790625 0.09765625 0.08046875
0 0.5328125 0.70859375 0.0921875 0.06953125
0 0.7234375 0.59609375 0.09375 0.0734375
0 0.59140625 0.7765625 0.09140625 0.07734375
0 0.528125 0.6203125 0.09296875 0.07890625