0 0.51328125 0.42890625 0.0375 0.028125
0 0.1453125 0.5796875 0.0640625 0.04375
0 0.61171875 0.37421875 0.0625 0.0453125
0 0.51640625 0.2859375 0.065625 0.05
0 0.95078125 0.36796875 0.053125 0.034375
0 0.7875 0.22578125 0.05625 0.046875
0 0.54921875 0.37890625 0.0671875 0.046875
0 0.28125 0.57578125 0.059375 0.040625
0 0.58203125 0.4390625 0.05625 0.046875
0 0.2265625 0.57421875 0.059375 0.046875
0 0.50859375 0.33828125 0.059375 0.04375
0 0.30859375 0.4671875 0.0625 0.046875
0 0.85 0.2484375 0.05625 0.04375
0 0.8109375 0.17890625 0.05 0.040625
0 0.1140625 0.37734375 0.05 0.0375