0 0.65859375 0.540625 0.05625 0.046875
0 0.7453125 0.5953125 0.03125 0.025
0 0.27109375 0.36796875 0.0734375 0.053125
0 0.8953125 0.22578125 0.034375 0.0234375
0 0.9921875 0.3390625 0.015625 0.028125
0 0.47265625 0.34453125 0.059375 0.053125
0 0.9828125 0.5109375 0.034375 0.028125
0 0.884375 0.34140625 0.04375 0.034375
0 0.80703125 0.51796875 0.040625 0.025
0 0.78984375 0.32265625 0.0375 0.0265625
0 0.87421875 0.31328125 0.040625 0.028125
0 0.6546875 0.5796875 0.04375 0.034375
0 0.84375 0.50703125 0.040625 0.025
0 0.825 0.54453125 0.0421875 0.028125
0 0.94296875 0.51171875 0.0375 0.025