0 0.5546875 0.40546875 0.05 0.0359375
0 0.4703125 0.340625 0.065625 0.046875
0 0.33515625 0.1625 0.0421875 0.0375
0 0.29609375 0.225 0.040625 0.03125
0 0.453125 0.2140625 0.053125 0.0484375
0 0.596875 0.58359375 0.059375 0.046875
0 0.5125 0.01640625 0.04375 0.0328125
0 0.52421875 0.13359375 0.040625 0.034375
0 0.54453125 0.440625 0.0578125 0.046875
0 0.25390625 0.26171875 0.040625 0.034375
0 0.525 0.3171875 0.065625 0.0453125
0 0.3671875 0.28984375 0.053125 0.04375
0 0.56171875 0.546875 0.065625 0.04375
0 0.50625 0.0546875 0.04375 0.0375