0 0.8546875 0.2453125 0.071875 0.046875
0 0.9546875 0.35078125 0.065625 0.05625
0 0.7109375 0.778125 0.0875 0.05625
0 0.70078125 0.25 0.059375 0.05
0 0.825 0.109375 0.059375 0.0453125
0 0.9453125 0.40625 0.059375 0.046875
0 0.6609375 0.52890625 0.08125 0.053125
0 0.73359375 0.47265625 0.078125 0.05625
0 0.67421875 0.62421875 0.05625 0.05
0 0.84296875 0.7625 0.065625 0.053125
0 0.715625 0.59375 0.075 0.05
0 0.89765625 0.56171875 0.046875 0.0375
0 0.96875 0.45 0.0625 0.046875
0 0.8109375 0.60859375 0.0734375 0.0515625
0 0.978125 0.51875 0.04375 0.040625