0 0.60625 0.4140625 0.059375 0.08125
0 0.33671875 0.0203125 0.0375 0.040625
0 0.628125 0.2875 0.05625 0.0828125
0 0.07109375 0.85234375 0.053125 0.05625
0 0.43203125 0.04453125 0.03125 0.046875
0 0.48046875 0.01640625 0.046875 0.0328125
0 0.2890625 0.921875 0.040625 0.0546875
0 0.31796875 0.35234375 0.0515625 0.065625
0 0.4453125 0.50390625 0.05625 0.065625
0 0.52109375 0.4921875 0.053125 0.06875
0 0.40625 0.12578125 0.0296875 0.0453125
0 0.56953125 0.35 0.059375 0.075
0 0.29140625 0.2 0.028125 0.034375
0 0.33671875 0.76640625 0.04375 0.0578125
0 0.3765625 0.97578125 0.046875 0.0484375
0 0.40390625 0.540625 0.05 0.08125
0 0.36328125 0.8296875 0.04375 0.065625
0 0.43203125 0.1046875 0.03125 0.0390625
0 0.39296875 0.925 0.05 0.0796875
0 0.12109375 0.89375 0.05 0.053125