0 0.8875 0.965625 0.05625 0.053125
0 0.78671875 0.95 0.05 0.046875
0 0.54921875 0.55234375 0.053125 0.04375
0 0.8953125 0.221875 0.0734375 0.053125
0 0.99140625 0.578125 0.0171875 0.040625
0 0.9796875 0.39921875 0.040625 0.04375
0 0.490625 0.2078125 0.0671875 0.05625
0 0.98046875 0.809375 0.0375 0.0484375
0 0.42265625 0.1515625 0.053125 0.0484375
0 0.62890625 0.2953125 0.0421875 0.03125
0 0.5046875 0.37265625 0.05625 0.0375
0 0.765625 0.35390625 0.05 0.04375
0 0.43125 0.3828125 0.046875 0.040625
0 0.78984375 0.3859375 0.0453125 0.0375
0 0.47890625 0.459375 0.046875 0.04375