0 0.240625 0.0828125 0.0390625 0.0296875
0 0.50625 0.62578125 0.0703125 0.059375
0 0.5703125 0.29765625 0.0578125 0.05
0 0.071875 0.2640625 0.078125 0.05625
0 0.64140625 0.52421875 0.046875 0.0375
0 0.59140625 0.471875 0.078125 0.0515625
0 0.4859375 0.41484375 0.075 0.0609375
0 0.5 0.4609375 0.0875 0.059375
0 0.5421875 0.18828125 0.0625 0.053125
0 0.0359375 0.309375 0.071875 0.05
0 0.01015625 0.234375 0.0203125 0.0421875
0 0.725 0.35 0.06875 0.05625
0 0.49140625 0.3265625 0.065625 0.05625
0 0.09765625 0.053125 0.078125 0.0546875
0 0.140625 0.1078125 0.078125 0.0640625
0 0.17109375 0.05703125 0.0765625 0.059375