0 0.53359375 0.3375 0.0453125 0.04140625
0 0.38359375 0.4203125 0.0671875 0.04609375
0 0.31171875 0.46640625 0.05078125 0.0359375
0 0.4875 0.49375 0.0515625 0.040625
0 0.94765625 0.24296875 0.03828125 0.02734375
0 0.984375 0.259375 0.03046875 0.03046875
0 0.33046875 0.4109375 0.06171875 0.040625
0 0.703125 0.37890625 0.046875 0.034375
0 0.1734375 0.22421875 0.0578125 0.040625
0 0.7671875 0.35390625 0.0546875 0.03671875
0 0.11328125 0.22421875 0.0625 0.04296875
0 0.1640625 0.28125 0.0609375 0.0421875
0 0.98125 0.21328125 0.0375 0.0328125
0 0.35859375 0.46171875 0.046875 0.03828125
0 0.97421875 0.1890625 0.0390625 0.0296875
0 0.41484375 0.4578125 0.04765625 0.04140625