0 0.12890625 0.11796875 0.040625 0.0328125
0 0.615625 0.5984375 0.05078125 0.03515625
0 0.26171875 0.1375 0.03671875 0.03203125
0 0.709375 0.41953125 0.05390625 0.0421875
0 0.6609375 0.34296875 0.06328125 0.0453125
0 0.4078125 0.5109375 0.06015625 0.0421875
0 0.35390625 0.51328125 0.0578125 0.0421875
0 0.3921875 0.59375 0.04765625 0.04453125
0 0.1 0.13125 0.03828125 0.034375
0 0.56640625 0.58515625 0.046875 0.0390625
0 0.1734375 0.3453125 0.0453125 0.03203125
0 0.60625 0.55078125 0.046875 0.03515625