0 0.50625 0.42109375 0.028125 0.04375
0 0.3359375 0.509375 0.0375 0.0546875
0 0.2625 0.8 0.0546875 0.0765625
0 0.20703125 0.3171875 0.04375 0.0515625
0 0.41015625 0.18984375 0.04375 0.059375
0 0.37421875 0.13671875 0.04375 0.0515625
0 0.33359375 0.56875 0.046875 0.0671875
0 0.18515625 0.4796875 0.046875 0.0640625
0 0.4171875 0.2484375 0.0421875 0.0546875
0 0.6234375 0.55 0.034375 0.040625
0 0.3234375 0.78671875 0.05625 0.0796875
0 0.53984375 0.37421875 0.0375 0.046875
0 0.36640625 0.534375 0.0375 0.05
0 0.28125 0.4109375 0.0484375 0.0515625
0 0.57734375 0.40390625 0.040625 0.05
0 0.53515625 0.428125 0.034375 0.046875