0 0.3328125 0.4203125 0.046875 0.0625
0 0.07421875 0.85625 0.03125 0.0390625
0 0.290625 0.65703125 0.0421875 0.05625
0 0.259375 0.47734375 0.059375 0.0734375
0 0.34765625 0.4921875 0.04375 0.053125
0 0.365625 0.33203125 0.05 0.0734375
0 0.5078125 0.3515625 0.046875 0.059375
0 0.55 0.84375 0.04375 0.065625
0 0.54765625 0.28515625 0.05 0.0609375
0 0.3875 0.425 0.046875 0.0609375
0 0.28671875 0.71484375 0.040625 0.053125
0 0.51640625 0.77421875 0.040625 0.05
0 0.3078125 0.509375 0.046875 0.053125
0 0.35390625 0.57578125 0.0421875 0.053125
0 0.31015625 0.575 0.04375 0.053125