0 0.834375 0.07578125 0.13125 0.103125
0 0.78046875 0.1609375 0.06875 0.0546875
0 0.978125 0.17421875 0.04375 0.071875
0 0.4234375 0.21328125 0.0625 0.053125
0 0.60078125 0.45078125 0.0625 0.05
0 0.371875 0.29765625 0.0609375 0.04375
0 0.28671875 0.46953125 0.071875 0.05625
0 0.4171875 0.44921875 0.06875 0.05625
0 0.5453125 0.34296875 0.059375 0.046875
0 0.55703125 0.4140625 0.0703125 0.05
0 0.2796875 0.4234375 0.071875 0.053125
0 0.44765625 0.3796875 0.071875 0.05625
0 0.575 0.03203125 0.053125 0.046875
0 0.6671875 0.36953125 0.05625 0.04375
0 0.53671875 0.01328125 0.053125 0.0265625