0 0.10390625 0.475 0.03828125 0.028125
0 0.68515625 0.140625 0.03359375 0.0296875
0 0.353125 0.68203125 0.0296875 0.021875
0 0.384375 0.4890625 0.04453125 0.03515625
0 0.0171875 0.07890625 0.034375 0.025
0 0.0140625 0.2234375 0.028125 0.03203125
0 0.60546875 0.0703125 0.04609375 0.03515625
0 0.70859375 0.26328125 0.06328125 0.05234375
0 0.64609375 0.128125 0.03046875 0.02265625
0 0.4171875 0.4671875 0.0453125 0.03046875
0 0.57265625 0.12265625 0.03515625 0.02890625
0 0.01171875 0.27734375 0.0234375 0.02265625
0 0.23359375 0.02890625 0.03515625 0.0296875
0 0.63125 0.4421875 0.03359375 0.025
0 0.26015625 0.09765625 0.0296875 0.02734375
0 0.484375 0.61328125 0.03203125 0.0234375
0 0.7640625 0.2765625 0.053125 0.0421875
0 0.59140625 0.21953125 0.04765625 0.04453125
0 0.1703125 0.09453125 0.0234375 0.01796875
0 0.52578125 0.3109375 0.0515625 0.04140625
0 0.20234375 0.46015625 0.03203125 0.02578125
0 0.56953125 0.46171875 0.03046875 0.02265625
0 0.57890625 0.4046875 0.0296875 0.025
0 0.2546875 0.63046875 0.03203125 0.0265625
0 0.64921875 0.04375 0.05546875 0.04453125
0 0.57578125 0.09375 0.0375 0.03515625
0 0.3640625 0.27578125 0.04609375 0.03046875
0 0.56953125 0.33828125 0.04921875 0.040625
0 0.453125 0.6765625 0.03671875 0.028125
0 0.209375 0.56171875 0.03125 0.025
0 0.578125 0.265625 0.0453125 0.03828125
0 0.6109375 0.0234375 0.04609375 0.03984375
0 0.48828125 0.546875 0.0359375 0.03125
0 0.25859375 0.12578125 0.034375 0.0296875
0 0.51328125 0.415625 0.03046875 0.0234375
0 0.3984375 0.45078125 0.04140625 0.0328125
0 0.34296875 0.39765625 0.03984375 0.03515625
0 0.3796875 0.371875 0.04140625 0.0359375
0 0.46328125 0.51015625 0.0328125 0.02734375
0 0.478125 0.40390625 0.03203125 0.0234375
0 0.6390625 0.51640625 0.03203125 0.02421875
0 0.0796875 0.48671875 0.03515625 0.02734375
0 0.19609375 0.50625 0.0359375 0.02578125
0 0.64453125 0.490625 0.03671875 0.02734375