0 0.5140625 0.3453125 0.040625 0.0625
0 0.384375 0.49375 0.046875 0.053125
0 0.540625 0.49453125 0.040625 0.04375
0 0.48515625 0.55625 0.0484375 0.04375
0 0.29609375 0.3921875 0.040625 0.0515625
0 0.5390625 0.2484375 0.03125 0.0390625
0 0.61953125 0.44296875 0.0453125 0.0546875
0 0.50859375 0.28984375 0.04375 0.065625
0 0.271875 0.271875 0.0421875 0.05625
0 0.38828125 0.80546875 0.034375 0.05
0 0.26875 0.55 0.04375 0.053125
0 0.2765625 0.34140625 0.0453125 0.0609375
0 0.3296875 0.496875 0.0421875 0.0625
0 0.54453125 0.45234375 0.0453125 0.053125
0 0.5625 0.3953125 0.040625 0.05
0 0.2890625 0.7265625 0.0296875 0.04375
0 0.4703125 0.94140625 0.040625 0.05