0 0.47734375 0.68515625 0.0375 0.046875
0 0.5125 0.70078125 0.034375 0.046875
0 0.15625 0.478125 0.040625 0.0484375
0 0.3078125 0.6484375 0.046875 0.0515625
0 0.19921875 0.08203125 0.04375 0.0671875
0 0.490625 0.7234375 0.0375 0.0515625
0 0.40703125 0.23359375 0.0375 0.046875
0 0.51015625 0.51171875 0.04375 0.059375
0 0.21015625 0.9625 0.034375 0.0421875
0 0.32421875 0.69609375 0.046875 0.05625
0 0.396875 0.30078125 0.040625 0.0484375
0 0.16171875 0.053125 0.0421875 0.05
0 0.390625 0.74609375 0.04375 0.05625
0 0.5703125 0.42265625 0.0453125 0.0625
0 0.33203125 0.428125 0.0515625 0.06875
0 0.13515625 0.98359375 0.04375 0.0328125
0 0.2 0.54375 0.046875 0.0671875
0 0.59609375 0.30859375 0.0453125 0.075
0 0.3734375 0.23046875 0.034375 0.04375
0 0.4078125 0.39375 0.04375 0.05