0 0.56171875 0.13984375 0.03125 0.034375
0 0.5265625 0.740625 0.0421875 0.05
0 0.146875 0.93203125 0.0375 0.040625
0 0.31875 0.4046875 0.040625 0.0625
0 0.55546875 0.0140625 0.034375 0.028125
0 0.51796875 0.4984375 0.034375 0.04375
0 0.53125 0.3421875 0.040625 0.0515625
0 0.1171875 0.4234375 0.0453125 0.0484375
0 0.490625 0.69375 0.040625 0.059375
0 0.34375 0.33984375 0.05 0.0578125
0 0.57890625 0.2421875 0.0359375 0.046875
0 0.58671875 0.28359375 0.0328125 0.04375
0 0.553125 0.378125 0.04375 0.05
0 0.546875 0.2046875 0.03125 0.05
0 0.5296875 0.0328125 0.03125 0.05