0 0.459375 0.54921875 0.03515625 0.03046875
0 0.78125 0.0890625 0.046875 0.04296875
0 0.44140625 0.38359375 0.07109375 0.0421875
0 0.53828125 0.18828125 0.0546875 0.046875
0 0.54296875 0.3671875 0.053125 0.046875
0 0.45859375 0.25546875 0.0578125 0.0453125
0 0.53984375 0.28984375 0.06015625 0.0421875
0 0.68203125 0.14921875 0.05859375 0.046875
0 0.21640625 0.12890625 0.040625 0.0359375
0 0.2734375 0.06953125 0.04921875 0.04140625
0 0.5140625 0.140625 0.059375 0.04140625
0 0.5078125 0.4125 0.05390625 0.04453125
0 0.46953125 0.2125 0.059375 0.0421875
0 0.6140625 0.0265625 0.04765625 0.040625