0 0.65 0.5234375 0.0390625 0.02578125
0 0.18203125 0.2609375 0.0234375 0.01796875
0 0.34609375 0.48046875 0.06484375 0.0515625
0 0.42421875 0.4734375 0.05078125 0.04453125
0 0.19375 0.5703125 0.0328125 0.0234375
0 0.3109375 0.52578125 0.06015625 0.04921875
0 0.1 0.29140625 0.02421875 0.01953125
0 0.521875 0.54375 0.0578125 0.04453125
0 0.59140625 0.4703125 0.06015625 0.04375
0 0.01953125 0.1109375 0.0390625 0.0390625
0 0.14140625 0.4625 0.040625 0.03125
0 0.49375 0.409375 0.04765625 0.0421875
0 0.80859375 0.61171875 0.025 0.02109375
0 0.4546875 0.52109375 0.040625 0.03671875
0 0.91875 0.58125 0.03125 0.01953125
0 0.08203125 0.51015625 0.04375 0.034375
0 0.4359375 0.59765625 0.04609375 0.03828125