0 0.04921875 0.5859375 0.0359375 0.040625
0 0.50078125 0.0453125 0.03125 0.040625
0 0.071875 0.68046875 0.03125 0.0359375
0 0.58671875 0.69921875 0.0265625 0.034375
0 0.6953125 0.496875 0.03125 0.040625
0 0.02109375 0.63671875 0.03125 0.040625
0 0.3421875 0.58984375 0.0328125 0.0375
0 0.1046875 0.67265625 0.034375 0.04375
0 0.0984375 0.50078125 0.0328125 0.040625
0 0.046875 0.7125 0.0390625 0.04375
0 0.15625 0.709375 0.0234375 0.028125
0 0.53203125 0.240625 0.021875 0.03125
0 0.265625 0.3796875 0.034375 0.04375
0 0.66484375 0.47734375 0.034375 0.05
0 0.05625 0.48984375 0.0296875 0.0375
0 0.225 0.784375 0.028125 0.0390625
0 0.08203125 0.45703125 0.0375 0.0421875
0 0.34921875 0.52265625 0.0375 0.040625
0 0.3734375 0.6484375 0.03125 0.046875
0 0.40546875 0.784375 0.025 0.0359375
0 0.1625 0.75703125 0.0296875 0.0375
0 0.46796875 0.69140625 0.034375 0.040625
0 0.3984375 0.85390625 0.028125 0.0375
0 0.2890625 0.63828125 0.03125 0.040625
0 0.01640625 0.58046875 0.0328125 0.0421875
0 0.20078125 0.5578125 0.034375 0.0453125
0 0.40625 0.89921875 0.03125 0.0375
0 0.5296875 0.28671875 0.021875 0.028125
0 0.0390625 0.665625 0.0375 0.04375
0 0.20859375 0.51953125 0.0359375 0.040625
0 0.45859375 0.5609375 0.034375 0.04375
0 0.5265625 0.67578125 0.03125 0.04375
0 0.33359375 0.953125 0.03125 0.040625
0 0.30859375 0.58828125 0.0296875 0.040625
0 0.2765625 0.4203125 0.0375 0.0453125
0 0.36484375 0.61015625 0.03125 0.0453125
0 0.42578125 0.9609375 0.0265625 0.040625
0 0.3734375 0.9203125 0.03125 0.0453125