0 0.3953125 0.25390625 0.06171875 0.04921875
0 0.384375 0.45 0.04765625 0.03984375
0 0.21640625 0.4109375 0.04296875 0.02890625
0 0.46328125 0.396875 0.05703125 0.0484375
0 0.25625 0.41953125 0.03984375 0.0328125
0 0.01328125 0.34140625 0.0265625 0.040625
0 0.540625 0.47578125 0.0578125 0.03984375
0 0.48984375 0.44921875 0.0609375 0.03984375
0 0.74765625 0.084375 0.05625 0.04609375
0 0.61953125 0.15546875 0.05625 0.04453125
0 0.05390625 0.40859375 0.04765625 0.03125
0 0.88125 0.3453125 0.04296875 0.0265625