0 0.709375 0.43125 0.040625 0.03359375
0 0.48359375 0.28203125 0.0421875 0.034375
0 0.29609375 0.1765625 0.0546875 0.03828125
0 0.27578125 0.1453125 0.0515625 0.03515625
0 0.55234375 0.48984375 0.0390625 0.02890625
0 0.98359375 0.93984375 0.03203125 0.03359375
0 0.34296875 0.2 0.053125 0.0421875
0 0.575 0.4453125 0.040625 0.03203125
0 0.98828125 0.97265625 0.0234375 0.0421875
0 0.68828125 0.5875 0.05078125 0.03671875
0 0.53125 0.51484375 0.04140625 0.034375
0 0.865625 0.1109375 0.053125 0.04140625
0 0.3859375 0.50078125 0.04375 0.03203125
0 0.625 0.2859375 0.04375 0.03359375
0 0.815625 0.73671875 0.03359375 0.025
0 0.93046875 0.140625 0.0453125 0.040625
0 0.85 0.7375 0.03671875 0.02421875
0 0.42421875 0.3234375 0.046875 0.0328125
0 0.74765625 0.6 0.046875 0.03203125
0 0.0546875 0.075 0.046875 0.04140625
0 0.82578125 0.68671875 0.040625 0.025
0 0.6765625 0.55234375 0.046875 0.040625
0 0.44609375 0.35625 0.04453125 0.040625
0 0.86171875 0.69765625 0.03515625 0.02578125
0 0.8390625 0.51640625 0.0453125 0.03828125
0 0.409375 0.471875 0.0453125 0.03515625
0 0.3890625 0.09453125 0.046875 0.0375
0 0.4671875 0.32890625 0.04609375 0.034375