0 0.08984375 0.74375 0.0421875 0.046875
0 0.403125 0.0171875 0.03125 0.034375
0 0.38125 0.54296875 0.03125 0.04375
0 0.33515625 0.659375 0.0390625 0.046875
0 0.2546875 0.51171875 0.0375 0.0421875
0 0.20859375 0.77421875 0.0390625 0.0625
0 0.18671875 0.5546875 0.03125 0.046875
0 0.30859375 0.68984375 0.034375 0.046875
0 0.43203125 0.51796875 0.0390625 0.0484375
0 0.48828125 0.53203125 0.0375 0.04375
0 0.31796875 0.47890625 0.0375 0.05
0 0.5890625 0.5640625 0.0375 0.0453125
0 0.31171875 0.43046875 0.040625 0.0484375
0 0.365625 0.62578125 0.0390625 0.046875
0 0.36484375 0.1890625 0.040625 0.0515625
0 0.10234375 0.678125 0.0375 0.0484375
0 0.46015625 0.16953125 0.0265625 0.03125
0 0.403125 0.5953125 0.034375 0.05
0 0.52578125 0.55625 0.040625 0.0484375
0 0.07734375 0.96640625 0.040625 0.0515625
0 0.2796875 0.66875 0.034375 0.04375
0 0.1828125 0.72265625 0.0375 0.04375
0 0.51328125 0.22578125 0.04375 0.053125
0 0.196875 0.65234375 0.034375 0.0453125
0 0.3140625 0.58671875 0.034375 0.046875