0 0.6234375 0.7171875 0.04375 0.05625
0 0.16796875 0.26953125 0.028125 0.0359375
0 0.21015625 0.9625 0.025 0.03125
0 0.01875 0.03125 0.0375 0.0625
0 0.14140625 0.271875 0.028125 0.0390625
0 0.5953125 0.66953125 0.0375 0.05
0 0.31953125 0.4125 0.04375 0.053125
0 0.65625 0.6796875 0.034375 0.04375
0 0.4015625 0.47578125 0.040625 0.0546875
0 0.540625 0.540625 0.046875 0.0625
0 0.56953125 0.503125 0.028125 0.034375
0 0.390625 0.63671875 0.0390625 0.04375
0 0.39375 0.4 0.040625 0.046875
0 0.62734375 0.53828125 0.028125 0.040625
0 0.44296875 0.34453125 0.0390625 0.046875
0 0.31171875 0.309375 0.03125 0.0375
0 0.43984375 0.7078125 0.0375 0.04375
0 0.25625 0.371875 0.0359375 0.0375
0 0.290625 0.990625 0.0328125 0.01875
0 0.49375 0.715625 0.0390625 0.0484375
0 0.46171875 0.6109375 0.040625 0.05
0 0.54765625 0.840625 0.04375 0.0515625
0 0.571875 0.38984375 0.0359375 0.0421875
0 0.53828125 0.7796875 0.04375 0.05
0 0.64375 0.39765625 0.034375 0.040625
0 0.26171875 0.5296875 0.0375 0.05
0 0.47421875 0.871875 0.040625 0.05
0 0.45625 0.48203125 0.046875 0.0515625