0 0.63046875 0.03359375 0.0515625 0.0671875
0 0.6703125 0.01953125 0.0453125 0.0375
0 0.35 0.60390625 0.0625 0.08125
0 0.86875 0.08984375 0.040625 0.046875
0 0.18125 0.240625 0.046875 0.059375
0 0.70703125 0.1578125 0.046875 0.059375
0 0.77578125 0.1375 0.0375 0.053125
0 0.69609375 0.08671875 0.0453125 0.065625
0 0.31640625 0.25703125 0.04375 0.053125
0 0.784375 0.0828125 0.04375 0.053125
0 0.5984375 0.696875 0.0625 0.084375
0 0.5015625 0.73203125 0.059375 0.075
0 0.24375 0.6140625 0.0625 0.096875
0 0.428125 0.01640625 0.021875 0.03125