0 0.22109375 0.4015625 0.02578125 0.01875
0 0.26171875 0.29609375 0.03203125 0.0265625
0 0.24453125 0.35 0.0265625 0.021875
0 0.409375 0.54921875 0.0296875 0.0265625
0 0.12890625 0.334375 0.0328125 0.02578125
0 0.0578125 0.51875 0.03203125 0.02421875
0 0.8609375 0.40234375 0.02890625 0.021875
0 0.79375 0.55078125 0.0390625 0.02890625
0 0.30078125 0.30546875 0.034375 0.0234375
0 0.1671875 0.43203125 0.0265625 0.0203125
0 0.3515625 0.4421875 0.03203125 0.02578125
0 0.63671875 0.3046875 0.0328125 0.0265625
0 0.81875 0.42265625 0.03671875 0.03046875
0 0.33828125 0.56171875 0.0390625 0.02890625
0 0.87578125 0.41875 0.0296875 0.02265625
0 0.6984375 0.3234375 0.03046875 0.0234375
0 0.0546875 0.35 0.04609375 0.03203125
0 0.459375 0.56171875 0.03671875 0.025
0 0.7859375 0.58828125 0.03515625 0.02578125
0 0.096875 0.3875 0.03828125 0.03046875
0 0.4734375 0.45703125 0.034375 0.02421875
0 0.4203125 0.52265625 0.03671875 0.03046875
0 0.47890625 0.4953125 0.03203125 0.02421875
0 0.77421875 0.5328125 0.03515625 0.0265625
0 0.1109375 0.48359375 0.0328125 0.021875
0 0.06171875 0.38046875 0.0390625 0.028125
0 0.39921875 0.396875 0.03046875 0.0265625
0 0.49453125 0.47578125 0.03671875 0.0234375
0 0.3359375 0.39453125 0.0375 0.02578125
0 0.95234375 0.30546875 0.04296875 0.02734375
0 0.040625 0.45703125 0.0453125 0.03203125