0 0.72109375 0.33203125 0.04140625 0.03125
0 0.03203125 0.2796875 0.0328125 0.0234375
0 0.52578125 0.19453125 0.034375 0.0296875
0 0.8296875 0.3875 0.05078125 0.034375
0 0.015625 0.1375 0.03046875 0.040625
0 0.5171875 0.4453125 0.0453125 0.03203125
0 0.3703125 0.4828125 0.0265625 0.0203125
0 0.5734375 0.0921875 0.03984375 0.0328125
0 0.446875 0.37421875 0.0515625 0.03984375
0 0.38515625 0.27109375 0.0390625 0.02421875
0 0.73515625 0.14921875 0.0640625 0.05078125
0 0.26484375 0.4296875 0.03203125 0.025
0 0.01328125 0.415625 0.0265625 0.0234375
0 0.1671875 0.13125 0.034375 0.03046875
0 0.61796875 0.47109375 0.0359375 0.0234375
0 0.6296875 0.3640625 0.03671875 0.02890625
0 0.5828125 0.19921875 0.04140625 0.0375
0 0.528125 0.47734375 0.04140625 0.02890625
0 0.61171875 0.10546875 0.04296875 0.03359375
0 0.134375 0.515625 0.03828125 0.034375
0 0.56015625 0.49375 0.03984375 0.03203125
0 0.4015625 0.48359375 0.03046875 0.021875
0 0.52421875 0.41171875 0.0453125 0.03515625
0 0.38515625 0.50234375 0.03203125 0.0203125
0 0.4921875 0.14375 0.0546875 0.0375
0 0.17109375 0.51640625 0.04609375 0.03671875
0 0.31328125 0.4515625 0.03984375 0.028125
0 0.0453125 0.39921875 0.028125 0.0203125
0 0.64609375 0.03203125 0.04296875 0.04296875
0 0.5515625 0.38203125 0.040625 0.03828125
0 0.38359375 0.4390625 0.0453125 0.0375
0 0.24921875 0.20859375 0.0359375 0.028125
0 0.2171875 0.1734375 0.0390625 0.034375
0 0.87890625 0.56328125 0.03203125 0.02109375
0 0.46640625 0.48359375 0.040625 0.03359375
0 0.14140625 0.4328125 0.02578125 0.0171875
0 0.64375 0.509375 0.0390625 0.0265625
0 0.15 0.38671875 0.028125 0.0234375
0 0.60703125 0.51171875 0.0390625 0.02734375
0 0.12109375 0.3875 0.0296875 0.0203125
0 0.1484375 0.41171875 0.03125 0.0234375
0 0.5703125 0.134375 0.04375 0.03046875
0 0.434375 0.25390625 0.0421875 0.034375
0 0.73359375 0.49453125 0.0375 0.03125
0 0.03125 0.43203125 0.03359375 0.0234375
0 0.82265625 0.5484375 0.040625 0.028125
0 0.76953125 0.51875 0.04296875 0.034375
0 0.2171875 0.29921875 0.03515625 0.0265625
0 0.27265625 0.48125 0.034375 0.028125
0 0.1921875 0.38671875 0.0421875 0.03515625
0 0.7875 0.4921875 0.046875 0.0359375
0 0.46171875 0.1796875 0.04453125 0.04453125
0 0.209375 0.33125 0.03984375 0.0296875
0 0.25 0.3921875 0.0421875 0.03359375
0 0.6875 0.3546875 0.04375 0.03671875
0 0.696875 0.3109375 0.04375 0.034375
0 0.51953125 0.5078125 0.04453125 0.03046875