0 0.75859375 0.62578125 0.06640625 0.0421875
0 0.1625 0.12734375 0.04140625 0.03671875
0 0.49921875 0.38125 0.065625 0.04921875
0 0.16953125 0.165625 0.04765625 0.0390625
0 0.53046875 0.20859375 0.06171875 0.046875
0 0.0625 0.14296875 0.0421875 0.0359375
0 0.125 0.15390625 0.04921875 0.03203125
0 0.5265625 0.471875 0.059375 0.04765625
0 0.36171875 0.521875 0.04296875 0.03359375
0 0.39296875 0.2125 0.03984375 0.0296875
0 0.48828125 0.3234375 0.06953125 0.04765625
0 0.3765625 0.54609375 0.0390625 0.02890625
0 0.08125 0.17421875 0.04296875 0.03359375
0 0.30078125 0.47890625 0.04140625 0.0328125
0 0.271875 0.228125 0.034375 0.02890625
0 0.38203125 0.48203125 0.0453125 0.03203125
0 0.33203125 0.446875 0.0390625 0.03203125
0 0.3171875 0.22421875 0.04375 0.03671875
0 0.35390625 0.4171875 0.04140625 0.02890625
0 0.20078125 0.2 0.0453125 0.040625