0 0.45859375 0.4296875 0.05 0.04140625
0 0.0234375 0.553125 0.04609375 0.04296875
0 0.7046875 0.30703125 0.04453125 0.034375
0 0.17890625 0.03984375 0.03203125 0.02421875
0 0.05703125 0.5265625 0.0546875 0.0375
0 0.18984375 0.0796875 0.034375 0.028125
0 0.49765625 0.3015625 0.04296875 0.0390625
0 0.059375 0.1796875 0.0359375 0.02578125
0 0.496875 0.35703125 0.05859375 0.0359375
0 0.3421875 0.17578125 0.03984375 0.03359375
0 0.49921875 0.56171875 0.06015625 0.04765625
0 0.2140625 0.096875 0.03359375 0.025
0 0.41796875 0.50234375 0.05078125 0.0390625
0 0.2171875 0.0734375 0.03125 0.02421875
0 0.30390625 0.10390625 0.03984375 0.0328125
0 0.409375 0.36171875 0.04375 0.0359375
0 0.4 0.3296875 0.04921875 0.034375
0 0.2390625 0.0140625 0.02890625 0.025
0 0.16796875 0.203125 0.03515625 0.02578125
0 0.1578125 0.15390625 0.03515625 0.03125
0 0.57578125 0.08359375 0.03203125 0.02890625
0 0.5140625 0.26953125 0.04296875 0.03203125
0 0.57265625 0.0484375 0.03203125 0.0265625
0 0.3984375 0.2875 0.04453125 0.03203125
0 0.115625 0.14140625 0.0390625 0.02890625
0 0.55390625 0.31875 0.0453125 0.034375
0 0.65859375 0.31171875 0.0453125 0.0359375