0 0.32734375 0.62265625 0.028125 0.0375
0 0.39453125 0.4078125 0.034375 0.040625
0 0.29609375 0.284375 0.025 0.03125
0 0.25 0.4359375 0.0234375 0.025
0 0.571875 0.31015625 0.025 0.03125
0 0.28671875 0.53515625 0.0265625 0.03125
0 0.48828125 0.4859375 0.03125 0.0453125
0 0.334375 0.990625 0.028125 0.01875
0 0.23515625 0.26015625 0.028125 0.0359375
0 0.4609375 0.99140625 0.05 0.0171875
0 0.2828125 0.9796875 0.0265625 0.03125
0 0.29921875 0.321875 0.025 0.03125
0 0.275 0.25234375 0.028125 0.0375
0 0.596875 0.3078125 0.025 0.034375
0 0.29921875 0.37890625 0.021875 0.0296875
0 0.34296875 0.34140625 0.028125 0.0375
0 0.33046875 0.32265625 0.0234375 0.028125
0 0.39140625 0.62578125 0.03125 0.0359375
0 0.19296875 0.3546875 0.028125 0.034375
0 0.02734375 0.7796875 0.0421875 0.046875
0 0.36640625 0.103125 0.0265625 0.0328125
0 0.2234375 0.43828125 0.0296875 0.04375
0 0.30078125 0.93828125 0.021875 0.0359375
0 0.44296875 0.43671875 0.040625 0.046875