0 0.7734375 0.14609375 0.05625 0.040625
0 0.22421875 0.3515625 0.03828125 0.03125
0 0.77265625 0.43671875 0.03671875 0.03515625
0 0.678125 0.4875 0.02890625 0.01953125
0 0.4515625 0.4546875 0.05234375 0.03828125
0 0.85859375 0.01875 0.04140625 0.0375
0 0.26953125 0.33359375 0.05078125 0.034375
0 0.5046875 0.4609375 0.05859375 0.03828125
0 0.2171875 0.3234375 0.0546875 0.0359375
0 0.68984375 0.16171875 0.04765625 0.04140625
0 0.80546875 0.43203125 0.040625 0.03203125
0 0.64921875 0.49375 0.03203125 0.0203125
0 0.6765625 0.509375 0.03046875 0.025
0 0.25703125 0.36328125 0.04609375 0.03515625