0 0.88046875 0.40703125 0.0609375 0.0375
0 0.540625 0.40625 0.05234375 0.03984375
0 0.9921875 0.9484375 0.015625 0.04921875
0 0.465625 0.19921875 0.053125 0.04453125
0 0.1234375 0.26796875 0.05078125 0.03515625
0 0.87734375 0.36953125 0.0703125 0.04453125
0 0.5578125 0.2578125 0.04765625 0.03984375
0 0.93125 0.39140625 0.0609375 0.0421875
0 0.49453125 0.2890625 0.0515625 0.04375
0 0.28515625 0.496875 0.046875 0.03515625
0 0.5125 0.353125 0.0640625 0.04375
0 0.17421875 0.2640625 0.05390625 0.0421875
0 0.3234375 0.50859375 0.04765625 0.0359375
0 0.4734375 0.25546875 0.0546875 0.04375
0 0.55859375 0.33984375 0.046875 0.03671875
0 0.1453125 0.31953125 0.0453125 0.03515625