0 0.43984375 0.55234375 0.03515625 0.02578125
0 0.4546875 0.1171875 0.028125 0.02421875
0 0.1671875 0.39375 0.04296875 0.03359375
0 0.76875 0.3859375 0.040625 0.028125
0 0.43203125 0.53203125 0.03125 0.0265625
0 0.55859375 0.33671875 0.0515625 0.03515625
0 0.61875 0.434375 0.046875 0.03203125
0 0.40546875 0.42578125 0.03203125 0.02421875
0 0.26171875 0.4234375 0.06640625 0.04609375
0 0.40546875 0.45625 0.04765625 0.03671875
0 0.71796875 0.3125 0.03828125 0.028125
0 0.50859375 0.48984375 0.0375 0.025
0 0.646875 0.35 0.046875 0.03515625
0 0.528125 0.396875 0.04296875 0.03203125
0 0.4515625 0.4375 0.0453125 0.03984375
0 0.73125 0.34296875 0.046875 0.0359375