0 0.24609375 0.71328125 0.10625 0.0671875
0 0.42578125 0.09921875 0.09375 0.0625
0 0.95703125 0.8375 0.084375 0.06875
0 0.4984375 0.034375 0.0765625 0.0625
0 0.3625 0.709375 0.09375 0.065625
0 0.50625 0.1 0.090625 0.0640625
0 0.15390625 0.0359375 0.103125 0.071875
0 0.35703125 0.0609375 0.0859375 0.071875
0 0.9375 0.73125 0.103125 0.08125
0 0.02734375 0.1328125 0.053125 0.0734375
0 0.81640625 0.821875 0.096875 0.0796875
0 0.3046875 0.759375 0.09375 0.065625
0 0.24296875 0.04609375 0.0921875 0.0734375
0 0.03046875 0.26796875 0.0609375 0.06875
0 0.03828125 0.20546875 0.0765625 0.071875
0 0.0390625 0.328125 0.078125 0.075
0 0.91484375 0.55859375 0.103125 0.075
0 0.6265625 0.62109375 0.103125 0.071875
0 0.81875 0.59140625 0.109375 0.0734375
0 0.7140625 0.78046875 0.1078125 0.0875
0 0.5234375 0.68984375 0.1015625 0.075
0 0.73359375 0.56640625 0.103125 0.08125
0 0.58828125 0.765625 0.1 0.084375
0 0.51875 0.59296875 0.103125 0.0875