0 0.7796875 0.6484375 0.06875 0.04375
0 0.15546875 0.12578125 0.04375 0.0375
0 0.5078125 0.39140625 0.06875 0.0515625
0 0.1625 0.165625 0.05 0.040625
0 0.540625 0.2109375 0.065625 0.05
0 0.05 0.14140625 0.04375 0.0375
0 0.115625 0.153125 0.053125 0.034375
0 0.53671875 0.48671875 0.0625 0.05
0 0.36328125 0.5390625 0.0453125 0.034375
0 0.39609375 0.21484375 0.040625 0.03125
0 0.496875 0.33125 0.0734375 0.05
0 0.37890625 0.5640625 0.040625 0.03125
0 0.06953125 0.17421875 0.0453125 0.034375
0 0.3 0.49453125 0.04375 0.034375
0 0.26953125 0.23125 0.0375 0.03125
0 0.38515625 0.496875 0.046875 0.034375
0 0.3328125 0.46015625 0.040625 0.034375
0 0.3171875 0.22734375 0.046875 0.0390625
0 0.35546875 0.4296875 0.04375 0.03125
0 0.19453125 0.2015625 0.046875 0.04375