0 0.06328125 0.4453125 0.05 0.059375
0 0.3625 0.28046875 0.0375 0.046875
0 0.0125 0.44375 0.025 0.040625
0 0.4078125 0.490625 0.0484375 0.059375
0 0.290625 0.41640625 0.046875 0.05625
0 0.2890625 0.2796875 0.04375 0.06875
0 0.421875 0.79609375 0.0375 0.0453125
0 0.38828125 0.2046875 0.0296875 0.040625
0 0.46484375 0.478125 0.0296875 0.04375
0 0.43203125 0.5796875 0.046875 0.0625
0 0.4828125 0.59296875 0.05625 0.065625
0 0.40390625 0.2921875 0.0375 0.0453125
0 0.3109375 0.71171875 0.0421875 0.053125
0 0.134375 0.91953125 0.028125 0.04375
0 0.0671875 0.9171875 0.034375 0.0453125
0 0.346875 0.725 0.0390625 0.05
0 0.203125 0.97265625 0.03125 0.040625
0 0.171875 0.9734375 0.0328125 0.04375