0 0.97265625 0.07265625 0.03515625 0.02890625
0 0.3265625 0.39765625 0.084375 0.0578125
0 0.04140625 0.1296875 0.0828125 0.0578125
0 0.68203125 0.30234375 0.0578125 0.0421875
0 0.8015625 0.19375 0.03671875 0.0296875
0 0.84140625 0.21171875 0.0375 0.03125
0 0.67578125 0.340625 0.0515625 0.03984375
0 0.43671875 0.48359375 0.06328125 0.0484375
0 0.2640625 0.3875 0.0828125 0.05078125
0 0.74921875 0.31015625 0.0609375 0.04296875
0 0.26796875 0.4515625 0.0625 0.046875
0 0.9703125 0.11640625 0.0375 0.028125
0 0.83984375 0.16328125 0.040625 0.03515625
0 0.92734375 0.1046875 0.04140625 0.03125
0 0.83046875 0.1359375 0.04140625 0.03203125