0 0.51640625 0.37421875 0.03671875 0.0265625
0 0.2921875 0.21640625 0.021875 0.01875
0 0.109375 0.56015625 0.06328125 0.04921875
0 0.384375 0.50546875 0.040625 0.0265625
0 0.81328125 0.41328125 0.028125 0.0203125
0 0.73671875 0.3640625 0.053125 0.03828125
0 0.8875 0.29296875 0.04921875 0.03359375
0 0.55703125 0.1578125 0.0375 0.02890625
0 0.48203125 0.60078125 0.0453125 0.0359375
0 0.24375 0.23671875 0.02421875 0.01796875
0 0.7359375 0.3046875 0.06015625 0.04140625
0 0.7640625 0.3328125 0.05703125 0.0421875
0 0.21640625 0.4890625 0.06484375 0.040625
0 0.2671875 0.215625 0.025 0.01953125
0 0.33828125 0.21328125 0.0234375 0.015625
0 0.0546875 0.5953125 0.0671875 0.04453125
0 0.30625 0.43515625 0.053125 0.04140625
0 0.89453125 0.0171875 0.0625 0.03359375
0 0.546875 0.6046875 0.05625 0.04765625
0 0.703125 0.43359375 0.05078125 0.03046875
0 0.09140625 0.50078125 0.07109375 0.05234375
0 0.528125 0.0734375 0.05625 0.0421875
0 0.6578125 0.44296875 0.04765625 0.03671875
0 0.27734375 0.5015625 0.06875 0.04375
0 0.409375 0.35078125 0.040625 0.034375
0 0.55390625 0.1109375 0.04296875 0.0421875
0 0.4265625 0.5 0.0390625 0.03046875
0 0.6640625 0.21796875 0.0453125 0.040625
0 0.63984375 0.33359375 0.04609375 0.03515625
0 0.6484375 0.1140625 0.0453125 0.0390625
0 0.4765625 0.446875 0.04453125 0.0390625