0 0.40390625 0.31640625 0.05390625 0.04296875
0 0.08828125 0.14296875 0.0359375 0.02578125
0 0.98125 0.6078125 0.0375 0.0375
0 0.42421875 0.47109375 0.06328125 0.04140625
0 0.69296875 0.2859375 0.0453125 0.0328125
0 0.615625 0.1671875 0.03984375 0.034375
0 0.3109375 0.4328125 0.05390625 0.03828125
0 0.95078125 0.46015625 0.04453125 0.03515625
0 0.08828125 0.19140625 0.0296875 0.025
0 0.2140625 0.06640625 0.03671875 0.03359375
0 0.4609375 0.403125 0.0515625 0.04375
0 0.3625 0.29296875 0.065625 0.04453125
0 0.209375 0.1734375 0.0328125 0.02890625
0 0.1640625 0.1484375 0.03828125 0.025
0 0.63515625 0.0828125 0.040625 0.03984375
0 0.91484375 0.1734375 0.05625 0.04140625
0 0.8828125 0.21953125 0.05078125 0.04140625
0 0.7171875 0.25 0.0546875 0.03671875
0 0.35859375 0.478125 0.0546875 0.0421875
0 0.61171875 0.5375 0.046875 0.03203125
0 0.6109375 0.28671875 0.059375 0.05078125
0 0.45078125 0.20703125 0.046875 0.046875
0 0.73359375 0.36953125 0.040625 0.0328125
0 0.771875 0.24453125 0.03125 0.02578125
0 0.571875 0.5546875 0.04375 0.0359375
0 0.6140625 0.3859375 0.04453125 0.0390625
0 0.76015625 0.42890625 0.04140625 0.03515625
0 0.5078125 0.51328125 0.04765625 0.0375
0 0.13125 0.13203125 0.04453125 0.03203125
0 0.8109375 0.43125 0.04296875 0.034375
0 0.47734375 0.31015625 0.0453125 0.04296875
0 0.5671875 0.49765625 0.046875 0.040625