0 0.4265625 0.134375 0.05625 0.0484375
0 0.8859375 0.39765625 0.046875 0.03515625
0 0.59140625 0.26328125 0.0921875 0.07578125
0 0.98359375 0.42421875 0.03203125 0.03125
0 0.7140625 0.52734375 0.03515625 0.02734375
0 0.62578125 0.5609375 0.0515625 0.04296875
0 0.64765625 0.49921875 0.05859375 0.04140625
0 0.98515625 0.39375 0.0296875 0.040625
0 0.35078125 0.3296875 0.0640625 0.05390625
0 0.51328125 0.4671875 0.06875 0.05859375
0 0.8578125 0.4828125 0.0390625 0.0359375
0 0.37421875 0.2453125 0.046875 0.046875
0 0.43984375 0.32109375 0.07734375 0.0640625
0 0.9203125 0.38203125 0.04296875 0.0328125