0 0.83984375 0.47109375 0.0390625 0.025
0 0.3828125 0.4015625 0.040625 0.03203125
0 0.65 0.39375 0.03515625 0.02421875
0 0.30859375 0.19453125 0.0578125 0.05234375
0 0.66953125 0.425 0.03203125 0.0265625
0 0.43828125 0.56328125 0.053125 0.04453125
0 0.53125 0.48515625 0.05234375 0.03515625
0 0.2 0.13125 0.090625 0.053125
0 0.35625 0.59765625 0.0515625 0.0375
0 0.69375 0.4875 0.03515625 0.0265625
0 0.3515625 0.503125 0.04921875 0.0390625
0 0.2078125 0.07265625 0.06953125 0.05078125
0 0.82890625 0.5265625 0.0453125 0.034375
0 0.36640625 0.434375 0.04765625 0.0359375
0 0.15390625 0.259375 0.0421875 0.03046875
0 0.2203125 0.209375 0.04453125 0.03828125