0 0.54765625 0.39453125 0.07578125 0.05234375
0 0.55859375 0.51953125 0.04921875 0.0421875
0 0.85234375 0.9203125 0.06015625 0.04609375
0 0.49296875 0.3953125 0.06015625 0.0515625
0 0.27734375 0.38046875 0.05859375 0.05234375
0 0.40859375 0.41484375 0.04765625 0.0390625
0 0.35546875 0.384375 0.0671875 0.04140625
0 0.61953125 0.3078125 0.0609375 0.05078125
0 0.40859375 0.37734375 0.05 0.04140625
0 0.35625 0.325 0.08125 0.0546875
0 0.32265625 0.425 0.05859375 0.04921875
0 0.57890625 0.46328125 0.04921875 0.04375
0 0.54921875 0.31328125 0.07734375 0.053125
0 0.30078125 0.3 0.06484375 0.04375
0 0.43828125 0.3421875 0.04609375 0.040625