0 0.66328125 0.50625 0.040625 0.025
0 0.22734375 0.5765625 0.065625 0.053125
0 0.93125 0.478125 0.04375 0.028125
0 0.7359375 0.53515625 0.0359375 0.03125
0 0.21796875 0.52421875 0.0734375 0.046875
0 0.31875 0.50859375 0.0515625 0.04375
0 0.25625 0.48984375 0.0390625 0.025
0 0.59140625 0.084375 0.05625 0.04375
0 0.58125 0.025 0.04375 0.0421875
0 0.2734375 0.546875 0.065625 0.0453125
0 0.53359375 0.4421875 0.034375 0.0265625
0 0.32734375 0.46328125 0.0640625 0.05
0 0.478125 0.3015625 0.0640625 0.046875
0 0.6359375 0.45078125 0.03125 0.028125
0 0.36875 0.340625 0.0625 0.040625
0 0.27265625 0.234375 0.04375 0.0375
0 0.31875 0.0796875 0.046875 0.040625
0 0.15078125 0.4984375 0.046875 0.03125
0 0.47734375 0.459375 0.034375 0.028125
0 0.71484375 0.2578125 0.046875 0.034375
0 0.52890625 0.4171875 0.0390625 0.025
0 0.10703125 0.503125 0.0484375 0.03125
0 0.5828125 0.47890625 0.0390625 0.034375
0 0.6859375 0.15 0.0484375 0.0375