0 0.91015625 0.36875 0.0453125 0.034375
0 0.71875 0.1921875 0.04375 0.0375
0 0.84609375 0.20546875 0.0453125 0.0375
0 0.4109375 0.63671875 0.053125 0.040625
0 0.50234375 0.62890625 0.053125 0.0375
0 0.5375 0.43125 0.053125 0.046875
0 0.79609375 0.184375 0.0453125 0.034375
0 0.80859375 0.25703125 0.05 0.040625
0 0.8890625 0.228125 0.0453125 0.034375
0 0.3984375 0.57734375 0.046875 0.040625
0 0.53515625 0.3875 0.05625 0.040625
0 0.52421875 0.61953125 0.0390625 0.0328125
0 0.48671875 0.41484375 0.053125 0.046875
0 0.384375 0.42890625 0.05625 0.040625