0 0.24921875 0.11953125 0.03671875 0.02890625
0 0.5015625 0.63515625 0.0671875 0.05546875
0 0.5625 0.3234375 0.0546875 0.04765625
0 0.0890625 0.29140625 0.07421875 0.053125
0 0.6296875 0.53828125 0.0453125 0.03515625
0 0.58203125 0.48828125 0.0734375 0.0484375
0 0.48203125 0.43515625 0.0703125 0.0578125
0 0.4953125 0.478125 0.08359375 0.05546875
0 0.53515625 0.21953125 0.059375 0.05
0 0.04921875 0.33515625 0.0796875 0.04765625
0 0.0203125 0.26328125 0.040625 0.03984375
0 0.709375 0.3734375 0.06640625 0.05390625
0 0.48671875 0.35078125 0.06328125 0.05234375
0 0.1140625 0.0921875 0.07421875 0.0515625
0 0.1546875 0.14296875 0.0734375 0.0609375
0 0.18359375 0.0953125 0.07265625 0.05625