0 0.5765625 0.53046875 0.0453125 0.0375
0 0.5109375 0.4625 0.04609375 0.034375
0 0.46796875 0.4796875 0.04765625 0.0390625
0 0.64296875 0.18515625 0.034375 0.03046875
0 0.45078125 0.428125 0.05078125 0.03671875
0 0.55625 0.44921875 0.04765625 0.04140625
0 0.68359375 0.18359375 0.028125 0.02421875
0 0.39453125 0.221875 0.0390625 0.0359375
0 0.71328125 0.4515625 0.0453125 0.0296875
0 0.42421875 0.48984375 0.04453125 0.0375
0 0.5078125 0.43515625 0.04765625 0.034375
0 0.29375 0.35234375 0.04765625 0.04375