0 0.45234375 0.0875 0.0546875 0.046875
0 0.50078125 0.44765625 0.046875 0.0390625
0 0.678125 0.3734375 0.05 0.046875
0 0.59453125 0.29296875 0.059375 0.046875
0 0.13984375 0.34765625 0.025 0.01875
0 0.71640625 0.16640625 0.053125 0.040625
0 0.4765625 0.4265625 0.0453125 0.034375
0 0.50625 0.47734375 0.046875 0.034375
0 0.6375 0.2671875 0.0640625 0.046875
0 0.65546875 0.40390625 0.053125 0.040625
0 0.66953125 0.1546875 0.0546875 0.04375
0 0.56484375 0.25390625 0.071875 0.05
0 0.71171875 0.35859375 0.0546875 0.04375
0 0.78828125 0.06640625 0.034375 0.021875
0 0.434375 0.43046875 0.0453125 0.0375
0 0.4328125 0.39453125 0.046875 0.0375
0 0.9703125 0.046875 0.04375 0.034375
0 0.821875 0.065625 0.0375 0.025