0 0.01171875 0.97109375 0.0234375 0.0578125
0 0.2125 0.52421875 0.034375 0.0390625
0 0.34609375 0.62421875 0.028125 0.034375
0 0.278125 0.0578125 0.0375 0.0421875
0 0.5890625 0.51171875 0.0359375 0.040625
0 0.08671875 0.84921875 0.0390625 0.040625
0 0.33671875 0.55625 0.0359375 0.0375
0 0.11640625 0.88203125 0.040625 0.053125
0 0.21953125 0.475 0.03125 0.0375
0 0.521875 0.5078125 0.034375 0.05
0 0.41640625 0.50703125 0.028125 0.0421875
0 0.4734375 0.3 0.0328125 0.0390625
0 0.30859375 0.12578125 0.0359375 0.046875
0 0.23203125 0.6515625 0.034375 0.0421875
0 0.5546875 0.53359375 0.0359375 0.046875
0 0.4578125 0.521875 0.0296875 0.04375
0 0.396875 0.36328125 0.028125 0.0421875
0 0.41875 0.62265625 0.028125 0.0390625
0 0.2671875 0.4640625 0.03125 0.0375
0 0.35546875 0.66171875 0.034375 0.04375
0 0.16640625 0.5203125 0.0375 0.04375
0 0.2703125 0.09609375 0.03125 0.0390625
0 0.221875 0.6125 0.0375 0.0484375
0 0.171875 0.6015625 0.0296875 0.0375
0 0.340625 0.76015625 0.028125 0.034375
0 0.075 0.76328125 0.0375 0.04375
0 0.4078125 0.31328125 0.025 0.034375
0 0.5640625 0.5890625 0.0421875 0.046875
0 0.4875 0.62109375 0.0359375 0.046875
0 0.50078125 0.5515625 0.0375 0.0484375
0 0.38359375 0.57265625 0.040625 0.046875