0 0.4 0.36328125 0.028125 0.02421875
0 0.4234375 0.38984375 0.0359375 0.0234375
0 0.45234375 0.4515625 0.04609375 0.02890625
0 0.90078125 0.03125 0.04140625 0.0359375
0 0.9078125 0.06171875 0.04140625 0.0375
0 0.4921875 0.4578125 0.046875 0.02578125
0 0.43203125 0.30703125 0.03046875 0.02578125
0 0.40703125 0.215625 0.03984375 0.034375
0 0.5609375 0.48203125 0.0453125 0.0296875
0 0.8375 0.28046875 0.03359375 0.025
0 0.8015625 0.29609375 0.03515625 0.0234375
0 0.44609375 0.2796875 0.02890625 0.02109375
0 0.4328125 0.41328125 0.04375 0.03125