0 0.50703125 0.36328125 0.04375 0.03125
0 0.2484375 0.18125 0.025 0.021875
0 0.03671875 0.578125 0.0734375 0.05625
0 0.3546875 0.51484375 0.046875 0.03125
0 0.85 0.40859375 0.0328125 0.0234375
0 0.76171875 0.35078125 0.0625 0.04375
0 0.9359375 0.26953125 0.05625 0.0390625
0 0.55390625 0.11328125 0.04375 0.034375
0 0.4671875 0.625 0.053125 0.040625
0 0.1921875 0.2046875 0.028125 0.0203125
0 0.7609375 0.2828125 0.06875 0.046875
0 0.79375 0.31484375 0.065625 0.0484375
0 0.1609375 0.4953125 0.075 0.046875
0 0.21953125 0.1796875 0.028125 0.021875
0 0.30078125 0.17734375 0.028125 0.01875
0 0.26484375 0.43359375 0.0609375 0.046875
0 0.54296875 0.6296875 0.065625 0.05625
0 0.72265625 0.43125 0.059375 0.034375
0 0.02890625 0.51015625 0.05625 0.059375
0 0.5203125 0.0203125 0.065625 0.040625
0 0.6703125 0.4421875 0.0546875 0.0421875
0 0.23125 0.51015625 0.078125 0.05
0 0.38359375 0.3359375 0.046875 0.040625
0 0.55078125 0.059375 0.05 0.0484375
0 0.40390625 0.50859375 0.0453125 0.034375
0 0.678125 0.1828125 0.053125 0.046875
0 0.65 0.31640625 0.053125 0.040625
0 0.659375 0.0625 0.053125 0.0453125
0 0.46171875 0.44765625 0.0515625 0.0453125