0 0.3859375 0.32578125 0.03671875 0.02890625
0 0.59765625 0.39296875 0.0390625 0.03359375
0 0.71875 0.2953125 0.03046875 0.025
0 0.56953125 0.25078125 0.02421875 0.02265625
0 0.69296875 0.5671875 0.03125 0.02578125
0 0.471875 0.28671875 0.03046875 0.02578125
0 0.52109375 0.484375 0.0453125 0.03125
0 0.01640625 0.33359375 0.0328125 0.0265625
0 0.74296875 0.2359375 0.03515625 0.02734375
0 0.015625 0.4578125 0.03046875 0.04921875
0 0.03359375 0.2828125 0.03046875 0.0265625
0 0.68203125 0.2984375 0.03125 0.025
0 0.75078125 0.275 0.0375 0.02890625
0 0.69609375 0.59140625 0.034375 0.02421875
0 0.62578125 0.2984375 0.02890625 0.02265625
0 0.66328125 0.3421875 0.03671875 0.02734375
0 0.68125 0.3296875 0.02734375 0.02265625
0 0.3828125 0.3890625 0.03515625 0.03203125
0 0.65 0.19375 0.03359375 0.028125
0 0.23125 0.03125 0.04609375 0.04140625
0 0.896875 0.36484375 0.03203125 0.0265625
0 0.5671875 0.22421875 0.0421875 0.0296875
0 0.075 0.30078125 0.0359375 0.021875
0 0.56875 0.43984375 0.0453125 0.03984375