0 0.03203125 0.015625 0.0640625 0.03125
0 0.478125 0.21953125 0.0390625 0.03359375
0 0.3796875 0.3515625 0.03359375 0.028125
0 0.93984375 0.284375 0.04140625 0.0375
0 0.490625 0.59140625 0.040625 0.03515625
0 0.15625 0.0953125 0.040625 0.0390625
0 0.446875 0.3421875 0.03828125 0.03515625
0 0.12421875 0.12421875 0.05390625 0.04140625
0 0.5265625 0.22578125 0.03671875 0.03125
0 0.49375 0.52578125 0.05 0.03359375
0 0.49453125 0.42109375 0.04140625 0.02890625
0 0.7 0.47734375 0.0390625 0.03203125
0 0.87265625 0.31484375 0.0453125 0.03515625
0 0.3515625 0.2390625 0.04140625 0.03359375
0 0.46875 0.5578125 0.0453125 0.03515625
0 0.48046875 0.4625 0.0421875 0.0296875
0 0.6375 0.4015625 0.04140625 0.028125
0 0.38046875 0.4234375 0.0390625 0.02890625
0 0.5375 0.2734375 0.03671875 0.0296875
0 0.34140625 0.3609375 0.0421875 0.03359375
0 0.48203125 0.17421875 0.0421875 0.03828125
0 0.9015625 0.2765625 0.0390625 0.03125
0 0.390625 0.228125 0.04765625 0.03828125
0 0.4015625 0.17890625 0.03671875 0.02890625
0 0.24453125 0.34609375 0.0328125 0.0265625
0 0.24140625 0.0828125 0.04375 0.0375
0 0.68671875 0.4125 0.03359375 0.025
0 0.4140625 0.5671875 0.046875 0.0421875
0 0.38203125 0.49140625 0.0453125 0.03515625
0 0.45078125 0.50546875 0.04765625 0.0359375
0 0.43046875 0.38828125 0.04609375 0.0390625