0 0.31171875 0.2265625 0.04765625 0.04140625
0 0.84296875 0.28515625 0.040625 0.03203125
0 0.63359375 0.44921875 0.05390625 0.0375
0 0.5625 0.4453125 0.0578125 0.04296875
0 0.01875 0.7265625 0.03671875 0.04453125
0 0.3015625 0.1640625 0.05625 0.0421875
0 0.9609375 0.4390625 0.05078125 0.03984375
0 0.09921875 0.55546875 0.06875 0.040625
0 0.58671875 0.5859375 0.0578125 0.04453125
0 0.165625 0.41796875 0.05 0.0421875
0 0.07421875 0.04140625 0.04375 0.0390625
0 0.49921875 0.23984375 0.05390625 0.04765625
0 0.13984375 0.50546875 0.059375 0.04765625
0 0.1140625 0.46875 0.0640625 0.0453125
0 0.4375 0.3953125 0.05703125 0.04453125
0 0.06328125 0.15859375 0.06328125 0.046875
0 0.5171875 0.42890625 0.0546875 0.0375
0 0.3421875 0.44296875 0.05546875 0.04375
0 0.090625 0.12265625 0.05859375 0.0515625
0 0.621875 0.4828125 0.05078125 0.03828125
0 0.859375 0.35625 0.0453125 0.0375
0 0.5875 0.40703125 0.05546875 0.04296875
0 0.35703125 0.39296875 0.06796875 0.0546875
0 0.4515625 0.21015625 0.0625 0.04296875
0 0.38125 0.1546875 0.04375 0.04375
0 0.42265625 0.15546875 0.0453125 0.0375
0 0.57421875 0.3390625 0.04765625 0.03828125
0 0.48671875 0.34375 0.04765625 0.034375
0 0.5296875 0.3546875 0.0453125 0.034375