0 0.62890625 0.34609375 0.06015625 0.0453125
0 0.6328125 0.47421875 0.04609375 0.0390625
0 0.6609375 0.41640625 0.046875 0.0390625
0 0.58984375 0.11484375 0.0453125 0.0359375
0 0.0171875 0.359375 0.034375 0.053125
0 0.26953125 0.23203125 0.05 0.04140625
0 0.509375 0.28046875 0.08515625 0.0578125
0 0.84921875 0.43125 0.05390625 0.0421875
0 0.42421875 0.3328125 0.07734375 0.05703125
0 0.3203125 0.3296875 0.07890625 0.0609375
0 0.57109375 0.30703125 0.08046875 0.0578125
0 0.79609375 0.10390625 0.046875 0.03984375