0 0.44375 0.5421875 0.04375 0.053125
0 0.571875 0.984375 0.04375 0.03125
0 0.31640625 0.28671875 0.0359375 0.046875
0 0.03984375 0.83203125 0.025 0.034375
0 0.54453125 0.95859375 0.0375 0.05625
0 0.08046875 0.8203125 0.028125 0.0359375
0 0.3109375 0.5015625 0.040625 0.04375
0 0.184375 0.95625 0.0265625 0.0375
0 0.36796875 0.5015625 0.0375 0.0609375
0 0.18046875 0.66328125 0.034375 0.040625
0 0.58046875 0.5 0.05 0.0625
0 0.0984375 0.7953125 0.025 0.034375
0 0.51875 0.584375 0.040625 0.053125
0 0.07421875 0.7921875 0.025 0.03125
0 0.10625 0.70234375 0.034375 0.040625
0 0.3734375 0.59296875 0.0375 0.0453125
0 0.33984375 0.603125 0.034375 0.0515625
0 0.01328125 0.76953125 0.025 0.03125
0 0.20859375 0.84375 0.0265625 0.0375
0 0.1578125 0.85390625 0.0328125 0.0375
0 0.084375 0.4203125 0.0296875 0.034375
0 0.27734375 0.484375 0.0328125 0.04375
0 0.0484375 0.4234375 0.028125 0.034375
0 0.29609375 0.60390625 0.034375 0.046875
0 0.14453125 0.89765625 0.03125 0.040625
0 0.32890625 0.44296875 0.0359375 0.046875
0 0.32109375 0.334375 0.0375 0.046875