0 0.1375 0.0125 0.059375 0.025
0 0.7609375 0.1796875 0.11328125 0.0890625
0 0.71484375 0.253125 0.06015625 0.046875
0 0.91171875 0.2640625 0.09296875 0.0609375
0 0.4078125 0.29765625 0.05390625 0.04609375
0 0.56015625 0.50234375 0.05390625 0.0421875
0 0.36328125 0.3703125 0.05234375 0.03828125
0 0.934375 0.20390625 0.09765625 0.06796875
0 0.28984375 0.51796875 0.0625 0.0484375
0 0.40234375 0.50078125 0.059375 0.04765625
0 0.5125 0.409375 0.05078125 0.040625
0 0.52265625 0.4703125 0.06015625 0.04296875
0 0.284375 0.47890625 0.0625 0.04609375
0 0.428125 0.44140625 0.0625 0.04921875
0 0.9359375 0.53984375 0.0484375 0.040625
0 0.53828125 0.14140625 0.04609375 0.03984375
0 0.6171875 0.43203125 0.04765625 0.03828125
0 0.5046875 0.11953125 0.04609375 0.0359375