0 0.5390625 0.16171875 0.04609375 0.0328125
0 0.86484375 0.3296875 0.04375 0.02890625
0 0.60078125 0.37265625 0.0703125 0.06171875
0 0.45625 0.46875 0.08125 0.06015625
0 0.57109375 0.51484375 0.0859375 0.0671875
0 0.8 0.30390625 0.053125 0.0390625
0 0.865625 0.3 0.04375 0.0359375
0 0.57265625 0.58125 0.084375 0.06875
0 0.39609375 0.17734375 0.04296875 0.02890625
0 0.44765625 0.309375 0.0890625 0.0609375
0 0.39921875 0.50703125 0.084375 0.06171875
0 0.4015625 0.14296875 0.04296875 0.0421875
0 0.3984375 0.20703125 0.04453125 0.0328125