0 0.2765625 0.31796875 0.04296875 0.034375
0 0.22421875 0.39765625 0.04140625 0.03046875
0 0.12109375 0.503125 0.0390625 0.02421875
0 0.2328125 0.30859375 0.0453125 0.03125
0 0.26015625 0.28671875 0.0453125 0.034375
0 0.32265625 0.23828125 0.05390625 0.040625
0 0.35234375 0.290625 0.05390625 0.03984375
0 0.0984375 0.4328125 0.04296875 0.034375
0 0.27578125 0.22109375 0.04921875 0.0390625
0 0.18515625 0.3296875 0.040625 0.03359375
0 0.52890625 0.49765625 0.05703125 0.04296875
0 0.48515625 0.27421875 0.04921875 0.0390625
0 0.6015625 0.321875 0.071875 0.046875
0 0.15703125 0.37421875 0.0421875 0.028125
0 0.95390625 0.4875 0.0453125 0.03203125
0 0.1734375 0.4765625 0.046875 0.040625
0 0.26953125 0.41640625 0.04765625 0.03828125
0 0.27890625 0.25859375 0.0453125 0.03828125