0 0.73046875 0.3171875 0.0796875 0.059375
0 0.8046875 0.2484375 0.1 0.07734375
0 0.90625 0.40625 0.0390625 0.02734375
0 0.503125 0.42421875 0.04609375 0.03203125
0 0.48359375 0.0765625 0.04140625 0.03046875
0 0.51875 0.04296875 0.03671875 0.028125
0 0.88203125 0.5734375 0.053125 0.034375
0 0.85234375 0.40625 0.0390625 0.0265625
0 0.834375 0.303125 0.04296875 0.02890625
0 0.77734375 0.165625 0.10703125 0.08828125
0 0.528125 0.38046875 0.05 0.0421875
0 0.4390625 0.45078125 0.05625 0.046875
0 0.41875 0.334375 0.0390625 0.03203125
0 0.28359375 0.2484375 0.028125 0.02265625
0 0.44609375 0.4046875 0.05390625 0.03984375
0 0.75625 0.41796875 0.04140625 0.0328125
0 0.4390625 0.52265625 0.04609375 0.03671875
0 0.74375 0.38125 0.04140625 0.03359375
0 0.503125 0.11171875 0.04453125 0.03671875