0 0.21640625 0.26875 0.025 0.028125
0 0.13125 0.05625 0.025 0.0375
0 0.52109375 0.5375 0.05625 0.084375
0 0.06328125 0.4703125 0.0375 0.0453125
0 0.01796875 0.71953125 0.0359375 0.0609375
0 0.2390625 0.60625 0.0578125 0.0640625
0 0.240625 0.14296875 0.0296875 0.04375
0 0.18046875 0.7421875 0.05625 0.075
0 0.2046875 0.13515625 0.034375 0.040625
0 0.05 0.15 0.034375 0.040625
0 0.15625 0.18515625 0.034375 0.040625
0 0.21328125 0.22109375 0.0328125 0.040625
0 0.18359375 0.01328125 0.040625 0.025
0 0.14296875 0.08203125 0.025 0.0359375