0 0.38984375 0.57265625 0.04765625 0.04453125
0 0.96171875 0.0703125 0.028125 0.02109375
0 0.5390625 0.37890625 0.053125 0.04375
0 0.4453125 0.37578125 0.05078125 0.03359375
0 0.38828125 0.4421875 0.04921875 0.0359375
0 0.57109375 0.3453125 0.06015625 0.04296875
0 0.440625 0.42578125 0.040625 0.03359375
0 0.94296875 0.0890625 0.02734375 0.021875
0 0.3953125 0.2265625 0.0421875 0.0375
0 0.446875 0.28125 0.04765625 0.03984375
0 0.87265625 0.12265625 0.04140625 0.03671875
0 0.509375 0.31953125 0.04765625 0.04453125
0 0.90625 0.11171875 0.040625 0.0328125
0 0.96015625 0.1015625 0.03125 0.02265625