0 0.85703125 0.2546875 0.040625 0.04375
0 0.67890625 0.66328125 0.034375 0.040625
0 0.03359375 0.38203125 0.028125 0.034375
0 0.24609375 0.446875 0.025 0.03125
0 0.2359375 0.53359375 0.0328125 0.040625
0 0.43046875 0.9703125 0.01875 0.028125
0 0.3109375 0.56015625 0.025 0.03125
0 0.84609375 0.20234375 0.0328125 0.040625
0 0.41796875 0.15390625 0.028125 0.0375
0 0.7171875 0.06015625 0.0546875 0.0640625
0 0.246875 0.13515625 0.04375 0.05625
0 0.26015625 0.7515625 0.0390625 0.0515625
0 0.44453125 0.884375 0.021875 0.03125
0 0.1921875 0.203125 0.040625 0.05625
0 0.140625 0.02734375 0.028125 0.040625
0 0.04375 0.30859375 0.0265625 0.0375
0 0.4171875 0.1171875 0.03125 0.0421875
0 0.590625 0.22578125 0.0296875 0.04375
0 0.3046875 0.5359375 0.025 0.03125
0 0.09921875 0.32890625 0.0375 0.0421875
0 0.453125 0.37421875 0.0234375 0.034375
0 0.28671875 0.41015625 0.028125 0.0359375
0 0.18828125 0.28125 0.0375 0.0421875
0 0.490625 0.2703125 0.028125 0.040625
0 0.121875 0.084375 0.0375 0.0453125
0 0.390625 0.6015625 0.03125 0.040625
0 0.21328125 0.609375 0.040625 0.046875
0 0.2328125 0.49375 0.03125 0.04375
0 0.67578125 0.11953125 0.03125 0.040625
0 0.21796875 0.371875 0.028125 0.0359375
0 0.2015625 0.51953125 0.03125 0.040625
0 0.34765625 0.61171875 0.0375 0.040625
0 0.50546875 0.46015625 0.025 0.034375
0 0.61953125 0.221875 0.0296875 0.0421875
0 0.22578125 0.278125 0.040625 0.04375
0 0.3609375 0.4921875 0.03125 0.040625
0 0.41484375 0.64140625 0.0390625 0.046875
0 0.31328125 0.41640625 0.028125 0.0328125
0 0.13125 0.34296875 0.034375 0.040625
0 0.65078125 0.18828125 0.03125 0.046875
0 0.2421875 0.63671875 0.0375 0.046875
0 0.446875 0.134375 0.0390625 0.05