0 0.45234375 0.33828125 0.04921875 0.040625
0 0.43203125 0.303125 0.04921875 0.04140625
0 0.4296875 0.38203125 0.0515625 0.03828125
0 0.5015625 0.209375 0.05859375 0.04453125
0 0.50390625 0.39765625 0.05703125 0.04453125
0 0.4828125 0.08125 0.05 0.0390625
0 0.55234375 0.5671875 0.053125 0.04609375
0 0.55390625 0.42421875 0.0515625 0.0421875
0 0.0859375 0.2375 0.05 0.0359375
0 0.584375 0.49765625 0.05546875 0.0375
0 0.590625 0.5359375 0.06171875 0.040625
0 0.17890625 0.2125 0.06015625 0.03984375
0 0.54375 0.38671875 0.04921875 0.03828125