0 0.740625 0.84296875 0.04140625 0.03828125
0 0.35078125 0.6734375 0.03828125 0.03359375
0 0.61875 0.05703125 0.03203125 0.0265625
0 0.55703125 0.26015625 0.0296875 0.0234375
0 0.47421875 0.25078125 0.0390625 0.03125
0 0.0578125 0.4359375 0.0265625 0.01796875
0 0.44921875 0.32265625 0.03046875 0.0234375
0 0.790625 0.8328125 0.0390625 0.03125
0 0.83671875 0.42421875 0.03671875 0.028125
0 0.92578125 0.71015625 0.0609375 0.0515625
0 0.8546875 0.2609375 0.05390625 0.04140625
0 0.2671875 0.2734375 0.04921875 0.03671875
0 0.13984375 0.44921875 0.03046875 0.02109375
0 0.78984375 0.20859375 0.05390625 0.03828125
0 0.9578125 0.159375 0.0390625 0.0265625
0 0.6890625 0.0671875 0.03515625 0.025
0 0.871875 0.42421875 0.040625 0.03046875
0 0.76796875 0.5890625 0.04140625 0.028125
0 0.471875 0.31640625 0.0296875 0.0234375
0 0.6703125 0.1203125 0.040625 0.034375
0 0.6265625 0.4578125 0.0328125 0.02265625
0 0.5921875 0.29921875 0.034375 0.0265625
0 0.715625 0.20546875 0.040625 0.0359375
0 0.72578125 0.49375 0.0390625 0.0265625
0 0.903125 0.1421875 0.04296875 0.0359375
0 0.41015625 0.39765625 0.0390625 0.0296875
0 0.40234375 0.22890625 0.04453125 0.03984375
0 0.5125 0.24765625 0.04140625 0.03046875
0 0.86953125 0.6703125 0.0375 0.03046875
0 0.62890625 0.2328125 0.034375 0.028125
0 0.48828125 0.2171875 0.0390625 0.03046875
0 0.4 0.35703125 0.0390625 0.034375
0 0.5453125 0.5078125 0.0328125 0.02421875
0 0.771875 0.61640625 0.040625 0.02890625
0 0.71796875 0.240625 0.04296875 0.03828125
0 0.5140625 0.36953125 0.0375 0.02890625
0 0.371875 0.42109375 0.04453125 0.0375
0 0.5859375 0.325 0.03125 0.0265625
0 0.65625 0.15078125 0.0375 0.03203125
0 0.80390625 0.646875 0.04453125 0.03046875
0 0.3765625 0.25703125 0.0453125 0.0359375
0 0.85546875 0.4515625 0.046875 0.0375