0 0.3796875 0.5765625 0.05234375 0.03984375
0 0.6625 0.52265625 0.02109375 0.015625
0 0.42890625 0.52578125 0.05234375 0.0421875
0 0.72109375 0.50078125 0.021875 0.015625
0 0.85703125 0.3265625 0.03671875 0.03125
0 0.98203125 0.70390625 0.0359375 0.0421875
0 0.36171875 0.46015625 0.06015625 0.04375
0 0.41953125 0.48203125 0.05078125 0.04453125
0 0.09609375 0.66328125 0.03203125 0.02421875
0 0.5984375 0.5296875 0.02578125 0.01796875
0 0.61640625 0.46640625 0.0265625 0.02578125
0 0.33515625 0.16328125 0.03359375 0.03046875
0 0.13203125 0.36796875 0.04765625 0.0390625
0 0.9609375 0.41640625 0.03359375 0.02421875