0 0.6421875 0.1625 0.046875 0.03515625
0 0.796875 0.25234375 0.053125 0.04296875
0 0.96953125 0.41015625 0.04921875 0.0375
0 0.7640625 0.30703125 0.05078125 0.04140625
0 0.04921875 0.0125 0.0546875 0.025
0 0.59140625 0.5015625 0.06328125 0.05078125
0 0.509375 0.02265625 0.05234375 0.04453125
0 0.57109375 0.2953125 0.05625 0.04453125
0 0.4515625 0.04765625 0.06484375 0.04765625
0 0.49453125 0.15 0.0515625 0.04453125
0 0.60078125 0.0234375 0.06015625 0.04609375
0 0.5578125 0.46953125 0.065625 0.04921875
0 0.4546875 0.3734375 0.07734375 0.06015625
0 0.45625 0.4640625 0.08046875 0.059375
0 0.5484375 0.19765625 0.046875 0.04375
0 0.73671875 0.3421875 0.046875 0.04140625