0 0.31015625 0.99609375 0.0234375 0.0078125
0 0.0140625 0.7515625 0.028125 0.03125
0 0.01640625 0.78046875 0.028125 0.034375
0 0.15234375 0.68671875 0.0328125 0.0359375
0 0.409375 0.659375 0.034375 0.040625
0 0.4765625 0.8328125 0.03125 0.034375
0 0.23984375 0.48984375 0.040625 0.05
0 0.25546875 0.81328125 0.021875 0.034375
0 0.03515625 0.70625 0.0328125 0.0328125
0 0.37734375 0.6546875 0.0328125 0.0421875
0 0.30234375 0.51015625 0.0359375 0.053125
0 0.25546875 0.6171875 0.03125 0.0359375
0 0.4265625 0.36875 0.034375 0.04375
0 0.33125 0.9328125 0.028125 0.03125
0 0.04375 0.78203125 0.025 0.03125
0 0.49375 0.29296875 0.05 0.065625
0 0.453125 0.26171875 0.0421875 0.06875
0 0.4234375 0.5265625 0.0234375 0.034375
0 0.25859375 0.9453125 0.025 0.034375
0 0.4390625 0.31796875 0.04375 0.053125
0 0.33828125 0.86171875 0.0265625 0.034375
0 0.31953125 0.9546875 0.021875 0.0359375
0 0.25078125 0.778125 0.0265625 0.0375
0 0.375 0.61015625 0.0375 0.05625
0 0.1265625 0.7578125 0.034375 0.04375
0 0.39453125 0.42890625 0.034375 0.04375
0 0.4328125 0.5546875 0.0265625 0.03125
0 0.28203125 0.95390625 0.025 0.034375