0 0.53671875 0.54140625 0.0375 0.040625
0 0.35 0.046875 0.0375 0.0578125
0 0.48671875 0.42734375 0.034375 0.05
0 0.8171875 0.115625 0.046875 0.053125
0 0.33359375 0.89921875 0.0203125 0.028125
0 0.3359375 0.184375 0.034375 0.0484375
0 0.475 0.5421875 0.0359375 0.04375
0 0.51484375 0.3984375 0.0375 0.04375
0 0.5671875 0.55703125 0.0375 0.053125
0 0.178125 0.71328125 0.0390625 0.046875
0 0.19609375 0.6734375 0.0375 0.05
0 0.41015625 0.390625 0.046875 0.0515625
0 0.290625 0.4234375 0.0390625 0.05
0 0.48515625 0.621875 0.03125 0.05