0 0.159375 0.35703125 0.034375 0.046875
0 0.25 0.20234375 0.04375 0.053125
0 0.40859375 0.028125 0.0375 0.05
0 0.3046875 0.23515625 0.040625 0.05
0 0.0109375 0.95390625 0.021875 0.05625
0 0.50078125 0.40859375 0.05 0.0625
0 0.0203125 0.490625 0.040625 0.053125
0 0.29296875 0.42890625 0.0453125 0.05625
0 0.04375 0.54921875 0.046875 0.065625
0 0.146875 0.50546875 0.0453125 0.053125
0 0.02109375 0.39921875 0.0421875 0.0609375
0 0.46796875 0.4421875 0.05 0.065625
0 0.371875 0.5453125 0.059375 0.078125
0 0.46328125 0.54453125 0.059375 0.08125
0 0.19453125 0.4515625 0.04375 0.046875
0 0.340625 0.2625 0.0421875 0.046875