0 0.48125 0.14375 0.0375 0.0390625
0 0.13984375 0.06328125 0.04765625 0.03671875
0 0.7015625 0.4890625 0.02578125 0.01875
0 0.45078125 0.1203125 0.0453125 0.040625
0 0.39921875 0.26953125 0.03671875 0.028125
0 0.015625 0.4078125 0.03125 0.046875
0 0.1140625 0.33359375 0.06328125 0.04921875
0 0.303125 0.20625 0.05078125 0.0390625
0 0.57265625 0.55234375 0.03046875 0.0203125
0 0.1609375 0.3984375 0.0421875 0.03515625
0 0.71875 0.446875 0.025 0.0234375
0 0.75078125 0.2390625 0.04296875 0.03828125
0 0.44765625 0.17109375 0.04296875 0.034375
0 0.7984375 0.396875 0.0390625 0.028125
0 0.2578125 0.35859375 0.04375 0.0359375
0 0.59609375 0.4734375 0.0515625 0.03203125
0 0.60234375 0.4359375 0.0375 0.03515625
0 0.72421875 0.20625 0.04140625 0.034375
0 0.72421875 0.265625 0.0453125 0.03359375
0 0.32265625 0.2890625 0.04453125 0.04453125
0 0.6453125 0.3859375 0.04765625 0.03515625
0 0.49296875 0.50546875 0.04140625 0.03515625
0 0.67421875 0.42265625 0.04296875 0.034375
0 0.69453125 0.30234375 0.04453125 0.03515625
0 0.5796875 0.41171875 0.04453125 0.0375
0 0.4609375 0.5625 0.04765625 0.034375
0 0.15859375 0.35859375 0.04609375 0.0359375
0 0.3109375 0.32578125 0.04609375 0.03984375