0 0.0046875 0.31171875 0.009375 0.0234375
0 0.24921875 0.01640625 0.03125 0.03046875
0 0.22109375 0.0203125 0.034375 0.028125
0 0.31328125 0.15546875 0.03515625 0.0328125
0 0.340625 0.4109375 0.03984375 0.03359375
0 0.16875 0.478125 0.034375 0.03046875
0 0.51015625 0.24296875 0.04921875 0.040625
0 0.18828125 0.25859375 0.0328125 0.02265625
0 0.29453125 0.03984375 0.03203125 0.0328125
0 0.34609375 0.37890625 0.04140625 0.0328125
0 0.48984375 0.3046875 0.053125 0.0359375
0 0.3828125 0.2578125 0.0359375 0.03203125
0 0.63046875 0.428125 0.04296875 0.03359375
0 0.06953125 0.33359375 0.03046875 0.02734375
0 0.21953125 0.04765625 0.03203125 0.02421875
0 0.70546875 0.4953125 0.06484375 0.04921875
0 0.73671875 0.4546875 0.06875 0.0421875
0 0.4734375 0.425 0.03359375 0.0234375
0 0.05703125 0.26171875 0.034375 0.025
0 0.68125 0.440625 0.05390625 0.04453125
0 0.13984375 0.340625 0.03515625 0.0265625
0 0.046875 0.321875 0.0359375 0.021875
0 0.2234375 0.25390625 0.03828125 0.02578125
0 0.38984375 0.37734375 0.05546875 0.0359375
0 0.24296875 0.13046875 0.04296875 0.03359375
0 0.5703125 0.39609375 0.04296875 0.03515625
0 0.4453125 0.43515625 0.03046875 0.0265625
0 0.0484375 0.28515625 0.03359375 0.025