0 0.771875 0.234375 0.0765625 0.05234375
0 0.375 0.11796875 0.03046875 0.025
0 0.1546875 0.009375 0.0296875 0.01875
0 0.45 0.58359375 0.05859375 0.03984375
0 0.125 0.0375 0.0359375 0.028125
0 0.359375 0.140625 0.03359375 0.02578125
0 0.29140625 0.1484375 0.03046875 0.02734375
0 0.53828125 0.58828125 0.0515625 0.040625
0 0.115625 0.22109375 0.03671875 0.02890625
0 0.21953125 0.0734375 0.03203125 0.0265625
0 0.15 0.21015625 0.03671875 0.02890625
0 0.471875 0.23515625 0.05078125 0.03671875
0 0.465625 0.51328125 0.05625 0.04140625
0 0.28203125 0.1796875 0.03046875 0.02734375
0 0.3078125 0.5 0.03984375 0.02890625
0 0.32578125 0.025 0.028125 0.0296875
0 0.4859375 0.284375 0.04765625 0.03671875
0 0.74140625 0.30703125 0.084375 0.0546875
0 0.4109375 0.33671875 0.046875 0.0359375
0 0.32109375 0.10546875 0.034375 0.0265625
0 0.175 0.4 0.03984375 0.0296875
0 0.14921875 0.13828125 0.03671875 0.02890625
0 0.23515625 0.0421875 0.04296875 0.03359375
0 0.09921875 0.025 0.034375 0.025
0 0.07421875 0.10625 0.034375 0.02734375
0 0.4703125 0.3375 0.04765625 0.04375