0 0.196875 0.69296875 0.04375 0.05
0 0.2578125 0.1390625 0.0328125 0.0421875
0 0.42890625 0.35703125 0.0390625 0.05625
0 0.425 0.43125 0.04375 0.0609375
0 0.7171875 0.98984375 0.046875 0.0203125
0 0.13125 0.703125 0.04375 0.059375
0 0.41875 0.02109375 0.0421875 0.0421875
0 0.53984375 0.9140625 0.04375 0.071875
0 0.571875 0.40546875 0.046875 0.059375
0 0.39609375 0.84453125 0.04375 0.053125
0 0.01171875 0.940625 0.0234375 0.046875
0 0.2109375 0.496875 0.05 0.05625
0 0.4875 0.871875 0.05 0.0625
0 0.44921875 0.8984375 0.046875 0.065625
0 0.37265625 0.5609375 0.046875 0.059375
0 0.12578125 0.9515625 0.05 0.065625
0 0.4078125 0.478125 0.0390625 0.05625
0 0.42265625 0.66015625 0.046875 0.0578125
0 0.08828125 0.92265625 0.053125 0.0609375
0 0.4640625 0.36953125 0.040625 0.053125
0 0.33203125 0.12109375 0.0390625 0.046875
0 0.38515625 0.4046875 0.04375 0.0578125
0 0.36953125 0.6453125 0.0578125 0.0703125
0 0.1796875 0.546875 0.04375 0.065625
0 0.12109375 0.6203125 0.0453125 0.0453125
0 0.12265625 0.5765625 0.0390625 0.046875
0 0.3140625 0.41875 0.040625 0.05
0 0.31875 0.51015625 0.0359375 0.05
0 0.33046875 0.465625 0.0359375 0.046875