0 0.62734375 0.67265625 0.02578125 0.01796875
0 0.41640625 0.271875 0.02578125 0.02109375
0 0.42109375 0.29140625 0.03125 0.021875
0 0.871875 0.5125 0.05859375 0.04140625
0 0.978125 0.63515625 0.04296875 0.04921875
0 0.36875 0.1953125 0.0234375 0.01640625
0 0.42109375 0.31328125 0.028125 0.021875
0 0.82421875 0.50234375 0.04921875 0.03828125
0 0.5671875 0.23125 0.040625 0.03203125
0 0.62421875 0.421875 0.05234375 0.03515625
0 0.12890625 0.2125 0.03125 0.02421875
0 0.365625 0.6359375 0.04921875 0.0359375
0 0.434375 0.3875 0.05859375 0.0359375
0 0.44453125 0.31484375 0.028125 0.02265625
0 0.1734375 0.3109375 0.034375 0.02109375
0 0.5078125 0.3890625 0.05078125 0.04140625
0 0.42421875 0.6015625 0.040625 0.03515625
0 0.46875 0.46328125 0.040625 0.028125
0 0.871875 0.84609375 0.02578125 0.02265625
0 0.5796875 0.4265625 0.04375 0.03828125
0 0.3078125 0.2546875 0.02734375 0.0234375
0 0.653125 0.5203125 0.0359375 0.0265625
0 0.3640625 0.271875 0.0296875 0.02109375
0 0.434375 0.4578125 0.03984375 0.02890625
0 0.37578125 0.6671875 0.040625 0.03515625
0 0.3890625 0.26328125 0.03046875 0.01953125
0 0.18203125 0.42890625 0.03828125 0.025
0 0.2125 0.34609375 0.03046875 0.025
0 0.20703125 0.4453125 0.03203125 0.025
0 0.3765625 0.29921875 0.03203125 0.02109375
0 0.94375 0.86484375 0.0484375 0.040625