0 0.9359375 0.534375 0.0578125 0.04296875
0 0.51640625 0.1421875 0.0828125 0.05703125
0 0.265625 0.33671875 0.03203125 0.028125
0 0.446875 0.0265625 0.09375 0.05234375
0 0.45546875 0.0875 0.08046875 0.0625
0 0.25625 0.4578125 0.040625 0.03046875
0 0.39765625 0.2578125 0.0359375 0.0296875
0 0.36015625 0.1 0.040625 0.0421875
0 0.85546875 0.3828125 0.05859375 0.03359375
0 0.60234375 0.2984375 0.03125 0.02109375
0 0.43671875 0.5140625 0.0375 0.03203125
0 0.55390625 0.4140625 0.0359375 0.025
0 0.434375 0.46015625 0.04375 0.03359375
0 0.490625 0.5171875 0.0375 0.03359375
0 0.159375 0.3765625 0.05625 0.03828125
0 0.1921875 0.46328125 0.0453125 0.03671875
0 0.29375 0.30625 0.03671875 0.03046875
0 0.30390625 0.34296875 0.0359375 0.02421875
0 0.63125 0.31796875 0.03125 0.02421875
0 0.76171875 0.57109375 0.046875 0.04296875
0 0.2296875 0.48828125 0.046875 0.040625
0 0.4546875 0.4453125 0.03828125 0.03125
0 0.55546875 0.390625 0.03515625 0.028125
0 0.628125 0.33984375 0.02890625 0.02265625
0 0.2328125 0.384375 0.046875 0.0390625