0 0.471875 0.559375 0.0328125 0.0234375
0 0.55078125 0.0984375 0.0390625 0.02890625
0 0.7296875 0.20859375 0.05078125 0.03359375
0 0.7796875 0.51015625 0.04140625 0.028125
0 0.5328125 0.13125 0.0375 0.03515625
0 0.41015625 0.14375 0.03671875 0.03046875
0 0.25078125 0.19296875 0.046875 0.0328125
0 0.575 0.3265625 0.053125 0.03359375
0 0.30390625 0.35390625 0.0515625 0.03671875
0 0.38203125 0.3875 0.04609375 0.03984375
0 0.3125 0.47421875 0.05078125 0.0421875
0 0.8046875 0.52734375 0.040625 0.03046875
0 0.95 0.5171875 0.05703125 0.04375
0 0.61875 0.33671875 0.0515625 0.0375
0 0.6625 0.28515625 0.04765625 0.0421875
0 0.32421875 0.37890625 0.04375 0.0328125
0 0.5765625 0.36015625 0.05546875 0.03671875