0 0.5234375 0.42734375 0.034375 0.0265625
0 0.178125 0.56796875 0.06015625 0.0421875
0 0.615625 0.37578125 0.0578125 0.04296875
0 0.52578125 0.29296875 0.0609375 0.04609375
0 0.93359375 0.36953125 0.04921875 0.0328125
0 0.78046875 0.2359375 0.053125 0.04375
0 0.55703125 0.38046875 0.06328125 0.04453125
0 0.30625 0.56484375 0.0546875 0.03828125
0 0.58828125 0.43671875 0.053125 0.04453125
0 0.2546875 0.56328125 0.05625 0.04453125
0 0.51875 0.34140625 0.05546875 0.04140625
0 0.33125 0.4625 0.0578125 0.04375
0 0.8390625 0.2578125 0.053125 0.0421875
0 0.803125 0.1921875 0.04765625 0.0390625
0 0.1484375 0.378125 0.04609375 0.034375