0 0.8734375 0.29765625 0.06015625 0.04140625
0 0.5390625 0.48203125 0.04296875 0.03515625
0 0.51640625 0.4484375 0.04765625 0.03515625
0 0.38046875 0.22734375 0.05234375 0.04296875
0 0.98828125 0.284375 0.021875 0.0359375
0 0.328125 0.36171875 0.05625 0.0390625
0 0.50625 0.140625 0.05 0.03671875
0 0.35234375 0.4 0.05703125 0.04453125
0 0.31953125 0.18671875 0.04609375 0.0390625
0 0.62890625 0.4921875 0.04453125 0.03125
0 0.54921875 0.06875 0.05703125 0.0515625
0 0.84296875 0.2765625 0.0703125 0.04609375
0 0.77890625 0.27578125 0.046875 0.034375
0 0.5328125 0.6921875 0.05078125 0.03828125
0 0.2921875 0.5515625 0.06796875 0.04296875
0 0.503125 0.2703125 0.06015625 0.04765625
0 0.571875 0.16171875 0.046875 0.04453125
0 0.7609375 0.228125 0.0453125 0.0328125
0 0.2375 0.54921875 0.05625 0.03828125
0 0.38984375 0.07578125 0.04296875 0.04375
0 0.65859375 0.1171875 0.05859375 0.04296875
0 0.3796875 0.10859375 0.0421875 0.03125
0 0.35625 0.04921875 0.06484375 0.0578125
0 0.378125 0.36640625 0.05859375 0.0421875
0 0.36328125 0.1921875 0.0515625 0.04140625
0 0.4125 0.30859375 0.04453125 0.0375
0 0.3453125 0.14609375 0.05625 0.0375
0 0.5375 0.40546875 0.03828125 0.034375
0 0.0921875 0.2796875 0.046875 0.040625
0 0.7859375 0.60078125 0.0453125 0.0359375
0 0.46015625 0.13203125 0.04765625 0.040625