0 0.740625 0.48515625 0.0515625 0.03984375
0 0.77890625 0.575 0.040625 0.03125
0 0.74296875 0.75234375 0.05625 0.046875
0 0.7359375 0.4 0.0734375 0.046875
0 0.71953125 0.83359375 0.06015625 0.04921875
0 0.59375 0.6375 0.0484375 0.04375
0 0.57890625 0.55546875 0.06875 0.04453125
0 0.6328125 0.76875 0.07421875 0.04765625
0 0.63671875 0.50546875 0.0671875 0.0484375
0 0.82265625 0.39375 0.05859375 0.05
0 0.81640625 0.44375 0.05234375 0.040625
0 0.84453125 0.48125 0.0625 0.0390625
0 0.62734375 0.6109375 0.0671875 0.0421875
0 0.88203125 0.62421875 0.0453125 0.03828125
0 0.709375 0.62265625 0.06484375 0.04453125
0 0.85 0.53671875 0.046875 0.03671875