0 0.2859375 0.35859375 0.0390625 0.0265625
0 0.01484375 0.409375 0.0296875 0.025
0 0.4375 0.27109375 0.0375 0.02265625
0 0.9125 0.23203125 0.0546875 0.04296875
0 0.58046875 0.21953125 0.04765625 0.03359375
0 0.32734375 0.334375 0.028125 0.02421875
0 0.1953125 0.4828125 0.03984375 0.02421875
0 0.196875 0.4609375 0.0359375 0.02734375
0 0.48125 0.2875 0.028125 0.01953125
0 0.6421875 0.10625 0.03203125 0.02421875
0 0.58984375 0.49375 0.04609375 0.03828125
0 0.1890625 0.2625 0.05625 0.0453125
0 0.0734375 0.29296875 0.0609375 0.04765625
0 0.425 0.290625 0.034375 0.0234375
0 0.35546875 0.25703125 0.03671875 0.0328125
0 0.24609375 0.3703125 0.0421875 0.0296875
0 0.4015625 0.30859375 0.03125 0.02734375
0 0.6359375 0.19453125 0.0390625 0.03515625
0 0.3609375 0.30234375 0.03046875 0.02421875
0 0.65078125 0.47734375 0.0453125 0.03203125
0 0.621875 0.53203125 0.0453125 0.03984375