0 0.4140625 0.04921875 0.03984375 0.0359375
0 0.9546875 0.50078125 0.04140625 0.03125
0 0.31953125 0.071875 0.0359375 0.03125
0 0.30078125 0.58671875 0.03359375 0.0265625
0 0.503125 0.6953125 0.03984375 0.03046875
0 0.36328125 0.02109375 0.03984375 0.03203125
0 0.41015625 0.3421875 0.0375 0.0328125
0 0.32734375 0.1046875 0.04375 0.034375
0 0.49921875 0.0984375 0.03984375 0.0328125
0 0.2875 0.046875 0.04296875 0.0390625
0 0.290625 0.15625 0.02734375 0.0234375
0 0.759375 0.53203125 0.03046875 0.02265625
0 0.6203125 0.265625 0.04375 0.03515625
0 0.52265625 0.66484375 0.04921875 0.03515625
0 0.51015625 0.05625 0.03828125 0.0296875
0 0.215625 0.225 0.03828125 0.02890625
0 0.54296875 0.08203125 0.0421875 0.03828125
0 0.47734375 0.34921875 0.04140625 0.03828125
0 0.3515625 0.3734375 0.04609375 0.03125
0 0.215625 0.40546875 0.0359375 0.02578125
0 0.24296875 0.1625 0.03671875 0.0296875
0 0.30859375 0.46796875 0.040625 0.03359375
0 0.14609375 0.3984375 0.03828125 0.02734375
0 0.36171875 0.2890625 0.03984375 0.03046875
0 0.41953125 0.01640625 0.0421875 0.0328125
0 0.4421875 0.20078125 0.0453125 0.03359375
0 0.10078125 0.40625 0.03671875 0.03125
0 0.71328125 0.5296875 0.02734375 0.02265625
0 0.334375 0.0390625 0.04296875 0.03828125
0 0.48046875 0.20859375 0.03984375 0.0359375
0 0.4390625 0.45859375 0.04296875 0.034375
0 0.32421875 0.5265625 0.04453125 0.03203125
0 0.046875 0.33359375 0.04140625 0.03203125
0 0.41171875 0.30859375 0.040625 0.0296875
0 0.5796875 0.2765625 0.0453125 0.03671875
0 0.38984375 0.36484375 0.0453125 0.03203125
0 0.0390625 0.42578125 0.040625 0.0265625
0 0.0796875 0.3734375 0.0453125 0.03046875