0 0.971875 0.12109375 0.05625 0.05
0 0.14765625 0.25390625 0.04375 0.03125
0 0.22421875 0.20859375 0.046875 0.03125
0 0.7515625 0.20390625 0.040625 0.0265625
0 0.9734375 0.33828125 0.053125 0.0484375
0 0.07890625 0.26640625 0.0546875 0.040625
0 0.89765625 0.2421875 0.059375 0.05
0 0.796875 0.26328125 0.0359375 0.0296875
0 0.50390625 0.54296875 0.053125 0.046875
0 0.52734375 0.3375 0.053125 0.040625
0 0.70703125 0.359375 0.0421875 0.034375
0 0.39609375 0.32734375 0.05625 0.0375
0 0.421875 0.54375 0.04375 0.0421875
0 0.50625 0.38515625 0.0625 0.04375
0 0.1921875 0.46640625 0.0546875 0.04375
0 0.4625 0.48046875 0.059375 0.046875
0 0.41640625 0.38515625 0.0453125 0.0375
0 0.24921875 0.18125 0.0421875 0.03125
0 0.38515625 0.540625 0.05 0.0421875
0 0.10625 0.45859375 0.05625 0.046875
0 0.57109375 0.31640625 0.0546875 0.040625
0 0.696875 0.325 0.0578125 0.040625
0 0.24375 0.2390625 0.046875 0.034375