0 0.45234375 0.58671875 0.05625 0.0421875
0 0.34375 0.00625 0.071875 0.0125
0 0.39140625 0.12265625 0.0625 0.046875
0 0.796875 0.228125 0.0640625 0.05
0 0.81484375 0.171875 0.053125 0.05
0 0.61953125 0.36640625 0.059375 0.053125
0 0.59921875 0.47890625 0.0578125 0.05
0 0.6390625 0.43984375 0.065625 0.053125
0 0.54375 0.49765625 0.059375 0.05
0 0.4859375 0.5484375 0.0578125 0.04375
0 0.55859375 0.09765625 0.059375 0.0515625
0 0.42578125 0.5703125 0.059375 0.04375
0 0.48203125 0.50234375 0.065625 0.053125
0 0.6921875 0.2515625 0.0734375 0.059375