0 0.409375 0.21875 0.053125 0.0609375
0 0.14921875 0.6203125 0.015625 0.0234375
0 0.38515625 0.7296875 0.03125 0.0375
0 0.0203125 0.84140625 0.0265625 0.0375
0 0.50078125 0.62578125 0.046875 0.06875
0 0.19375 0.42265625 0.0375 0.046875
0 0.24296875 0.58984375 0.05 0.059375
0 0.44453125 0.3015625 0.053125 0.0640625
0 0.23359375 0.709375 0.046875 0.075
0 0.33671875 0.86171875 0.05 0.06875
0 0.4875 0.6796875 0.04375 0.06875
0 0.00703125 0.7921875 0.0125 0.0328125
0 0.003125 0.82421875 0.00625 0.0421875
0 0.2625 0.525 0.04375 0.053125
0 0.19609375 0.621875 0.028125 0.0421875