0 0.52734375 0.30078125 0.05 0.05
0 0.48828125 0.16953125 0.040625 0.028125
0 0.91015625 0.03515625 0.05 0.040625
0 0.61328125 0.546875 0.065625 0.0515625
0 0.85859375 0.45390625 0.040625 0.034375
0 0.99296875 0.4375 0.0140625 0.034375
0 0.7984375 0.09765625 0.05625 0.040625
0 0.41328125 0.3015625 0.065625 0.05
0 0.83203125 0.159375 0.05625 0.0453125
0 0.2703125 0.3484375 0.059375 0.0484375
0 0.40234375 0.22734375 0.065625 0.0484375
0 0.9515625 0.259375 0.0421875 0.0390625
0 0.990625 0.37734375 0.01875 0.028125
0 0.4453125 0.43671875 0.0578125 0.040625
0 0.9640625 0.38828125 0.0375 0.03125
0 0.90078125 0.428125 0.04375 0.028125
0 0.95390625 0.040625 0.046875 0.0375
0 0.74765625 0.4390625 0.05 0.04375
0 0.365625 0.34140625 0.053125 0.04375
0 0.98984375 0.5 0.0203125 0.0375
0 0.96796875 0.08046875 0.05 0.04375