0 0.428125 0.06875 0.02578125 0.02265625
0 0.696875 0.221875 0.03046875 0.0265625
0 0.7703125 0.01171875 0.02578125 0.0234375
0 0.6421875 0.31796875 0.03515625 0.0265625
0 0.6328125 0.39921875 0.0453125 0.0359375
0 0.590625 0.33125 0.05078125 0.0359375
0 0.8140625 0.41171875 0.04296875 0.03515625
0 0.5890625 0.43671875 0.0359375 0.025
0 0.77109375 0.3 0.040625 0.03125
0 0.64453125 0.515625 0.040625 0.03203125
0 0.609375 0.4203125 0.0375 0.028125
0 0.571875 0.409375 0.0421875 0.02890625
0 0.41484375 0.0859375 0.02890625 0.0234375
0 0.75703125 0.3609375 0.03671875 0.03046875
0 0.68046875 0.47890625 0.04296875 0.03515625
0 0.6546875 0.378125 0.046875 0.03984375
0 0.67578125 0.29140625 0.0390625 0.02890625