0 0.6015625 0.52578125 0.0703125 0.05078125
0 0.9515625 0.29296875 0.0546875 0.03203125
0 0.71015625 0.5453125 0.07109375 0.04765625
0 0.221875 0.0625 0.04765625 0.04609375
0 0.9203125 0.375 0.040625 0.02734375
0 0.95859375 0.41640625 0.0546875 0.03984375
0 0.1609375 0.2515625 0.0484375 0.0359375
0 0.65390625 0.27578125 0.05625 0.04453125
0 0.52265625 0.38671875 0.0578125 0.0484375
0 0.5328125 0.45234375 0.05859375 0.0453125
0 0.85 0.35234375 0.0390625 0.02578125
0 0.65625 0.49375 0.06484375 0.05078125
0 0.7859375 0.253125 0.03046875 0.0234375
0 0.29609375 0.2921875 0.05 0.0375
0 0.103125 0.3265625 0.0640625 0.04140625
0 0.984375 0.32578125 0.03125 0.04765625
0 0.49140625 0.35078125 0.06953125 0.04296875
0 0.24140625 0.315625 0.05703125 0.0390625
0 0.86875 0.375 0.03359375 0.02734375
0 0.15859375 0.34140625 0.06875 0.04375
0 0.18515625 0.10625 0.046875 0.04296875