0 0.603125 0.42578125 0.065625 0.04140625
0 0.653125 0.4046875 0.05390625 0.04296875
0 0.29140625 0.2578125 0.040625 0.0359375
0 0.24140625 0.14296875 0.04140625 0.034375
0 0.42265625 0.30859375 0.04296875 0.0359375
0 0.36640625 0.45859375 0.04296875 0.03359375
0 0.6484375 0.45078125 0.053125 0.04296875
0 0.5265625 0.28203125 0.0484375 0.03671875
0 0.59140625 0.52578125 0.04140625 0.03203125
0 0.765625 0.4390625 0.040625 0.034375
0 0.42109375 0.075 0.0421875 0.03359375
0 0.4765625 0.29453125 0.05234375 0.034375
0 0.43046875 0.1953125 0.04375 0.03359375
0 0.446875 0.40390625 0.040625 0.034375
0 0.6421875 0.528125 0.04140625 0.03203125
0 0.48046875 0.36640625 0.040625 0.03515625
0 0.42578125 0.36328125 0.0453125 0.0359375