0 0.26484375 0.15390625 0.028125 0.0328125
0 0.50546875 0.32265625 0.0359375 0.053125
0 0.39453125 0.0359375 0.021875 0.03125
0 0.2734375 0.25703125 0.0375 0.05625
0 0.12265625 0.58984375 0.046875 0.0515625
0 0.5859375 0.74765625 0.04375 0.0546875
0 0.53984375 0.78671875 0.04375 0.06875
0 0.3359375 0.6609375 0.05 0.05625
0 0.45078125 0.634375 0.040625 0.059375
0 0.5484375 0.70703125 0.040625 0.053125
0 0.23203125 0.646875 0.04375 0.0453125
0 0.48125 0.74375 0.04375 0.065625
0 0.4046875 0.01171875 0.025 0.0234375
0 0.1734375 0.7546875 0.0265625 0.040625
0 0.2828125 0.12109375 0.028125 0.0375
0 0.1484375 0.77265625 0.0265625 0.0359375
0 0.23203125 0.40234375 0.0328125 0.0359375
0 0.10234375 0.95859375 0.034375 0.04375
0 0.19296875 0.77734375 0.03125 0.0375
0 0.15703125 0.4640625 0.0328125 0.0359375
0 0.1578125 0.42578125 0.028125 0.0375
0 0.16796875 0.796875 0.0265625 0.0375
0 0.31796875 0.57890625 0.034375 0.0421875
0 0.1421875 0.82890625 0.028125 0.03125
0 0.3 0.48046875 0.0375 0.046875
0 0.225 0.484375 0.0390625 0.04375
0 0.28046875 0.5328125 0.0375 0.046875
0 0.50703125 0.66484375 0.0234375 0.0359375
0 0.4765625 0.33984375 0.0375 0.0484375
0 0.20546875 0.68125 0.0375 0.0484375