0 0.24140625 0.29453125 0.025 0.034375
0 0.18359375 0.478125 0.046875 0.0453125
0 0.10703125 0.4328125 0.034375 0.053125
0 0.1234375 0.40703125 0.03125 0.0453125
0 0.30234375 0.615625 0.0421875 0.0640625
0 0.25625 0.70625 0.0375 0.04375
0 0.38671875 0.64609375 0.0484375 0.0578125
0 0.30703125 0.67734375 0.0515625 0.0625
0 0.1015625 0.709375 0.05 0.053125
0 0.25078125 0.58515625 0.0453125 0.0578125
0 0.28125 0.77890625 0.034375 0.046875
0 0.32890625 0.5578125 0.0453125 0.0546875
0 0.1171875 0.48359375 0.046875 0.0546875
0 0.33828125 0.634375 0.046875 0.0625
0 0.209375 0.84296875 0.03125 0.046875
0 0.18046875 0.28671875 0.05 0.0609375