0 0.5515625 0.29375 0.046875 0.0375
0 0.37109375 0.41953125 0.04140625 0.03203125
0 0.25390625 0.3671875 0.0390625 0.03046875
0 0.9859375 0.0890625 0.02578125 0.034375
0 0.7828125 0.8484375 0.03671875 0.0265625
0 0.70234375 0.30234375 0.053125 0.03671875
0 0.69921875 0.3546875 0.053125 0.04140625
0 0.453125 0.61640625 0.04375 0.0359375
0 0.37734375 0.5875 0.0515625 0.03515625
0 0.56953125 0.334375 0.05390625 0.03671875
0 0.61875 0.171875 0.04140625 0.04140625
0 0.39453125 0.55546875 0.053125 0.03671875
0 0.90703125 0.06953125 0.040625 0.0328125
0 0.1203125 0.2953125 0.03203125 0.02109375
0 0.62109375 0.134375 0.040625 0.0359375
0 0.48671875 0.546875 0.03984375 0.03515625
0 0.53125 0.5828125 0.0453125 0.04296875
0 0.871875 0.509375 0.0453125 0.03125
0 0.05 0.2375 0.021875 0.01796875
0 0.16953125 0.3625 0.03046875 0.0265625
0 0.40859375 0.50234375 0.0453125 0.0359375
0 0.425 0.52734375 0.0453125 0.03515625