0 0.39453125 0.525 0.046875 0.0359375
0 0.30234375 0.01875 0.06171875 0.0375
0 0.34296875 0.13203125 0.05390625 0.0390625
0 0.68671875 0.22109375 0.0546875 0.0421875
0 0.7015625 0.1734375 0.0453125 0.0421875
0 0.5359375 0.33828125 0.05078125 0.04453125
0 0.51875 0.43359375 0.04921875 0.04375
0 0.553125 0.40078125 0.05625 0.0453125
0 0.471875 0.45 0.05078125 0.04140625
0 0.4234375 0.49296875 0.04921875 0.03671875
0 0.48515625 0.11015625 0.05 0.04375
0 0.371875 0.51171875 0.05078125 0.0375
0 0.41953125 0.453125 0.05625 0.04453125
0 0.59765625 0.240625 0.0625 0.05078125