0 0.4859375 0.3078125 0.0515625 0.04453125
0 0.5828125 0.3984375 0.0484375 0.046875
0 0.615625 0.46015625 0.05625 0.040625
0 0.41875 0.07421875 0.05546875 0.04453125
0 0.2265625 0.41015625 0.04296875 0.02890625
0 0.33203125 0.3171875 0.06015625 0.04921875
0 0.521875 0.12734375 0.0578125 0.04765625
0 0.534375 0.36953125 0.05546875 0.04765625
0 0.7171875 0.03984375 0.040625 0.0375
0 0.3046875 0.27265625 0.05234375 0.04609375
0 0.4515625 0.22109375 0.05625 0.0453125
0 0.615625 0.415625 0.053125 0.0421875