0 0.325 0.28203125 0.0765625 0.05625
0 0.31171875 0.18984375 0.0625 0.053125
0 0.60078125 0.0984375 0.040625 0.034375
0 0.78828125 0.38203125 0.053125 0.04375
0 0.6328125 0.04140625 0.0421875 0.034375
0 0.26171875 0.55234375 0.06875 0.0453125
0 0.25859375 0.596875 0.06875 0.04375
0 0.7046875 0.25 0.03125 0.0265625
0 0.1875 0.45078125 0.0640625 0.0484375
0 0.828125 0.4125 0.05625 0.046875
0 0.36796875 0.38984375 0.0671875 0.053125
0 0.26796875 0.32109375 0.059375 0.0484375
0 0.5140625 0.3328125 0.04375 0.0359375
0 0.4140625 0.43515625 0.06875 0.05
0 0.7484375 0.47109375 0.0578125 0.04375
0 0.16015625 0.55390625 0.0625 0.05
0 0.134375 0.4765625 0.0609375 0.040625
0 0.584375 0.471875 0.0328125 0.028125
0 0.52421875 0.45859375 0.040625 0.028125
0 0.6875 0.15625 0.0421875 0.040625
0 0.61171875 0.06640625 0.046875 0.0390625