0 0.671875 0.16640625 0.02890625 0.0296875
0 0.125 0.5921875 0.040625 0.04453125
0 0.04609375 0.471875 0.0390625 0.0296875
0 0.1046875 0.47890625 0.0359375 0.028125
0 0.11171875 0.428125 0.03203125 0.0234375
0 0.603125 0.028125 0.034375 0.03515625
0 0.4828125 0.21796875 0.03828125 0.028125
0 0.3921875 0.5 0.03359375 0.02890625
0 0.975 0.4703125 0.0390625 0.0296875
0 0.9015625 0.61015625 0.04453125 0.0359375
0 0.95546875 0.61015625 0.046875 0.03828125
0 0.5546875 0.40859375 0.05390625 0.04375
0 0.16953125 0.35 0.04140625 0.02734375
0 0.5421875 0.47109375 0.04921875 0.04140625
0 0.3 0.3265625 0.05 0.0359375
0 0.49453125 0.39765625 0.06484375 0.04140625
0 0.38515625 0.41953125 0.0515625 0.0390625
0 0.5796875 0.21640625 0.05 0.04375
0 0.2828125 0.08515625 0.03671875 0.034375
0 0.42578125 0.4796875 0.0515625 0.0390625
0 0.43359375 0.23203125 0.04921875 0.03515625
0 0.40234375 0.328125 0.03984375 0.0359375
0 0.59453125 0.30546875 0.0453125 0.040625
0 0.26484375 0.36640625 0.046875 0.03515625
0 0.1609375 0.06328125 0.040625 0.03203125
0 0.521875 0.07578125 0.0390625 0.0375
0 0.03984375 0.42109375 0.03671875 0.02734375
0 0.06171875 0.12109375 0.04453125 0.04140625
0 0.253125 0.45625 0.04609375 0.03984375
0 0.32734375 0.5015625 0.0359375 0.02890625
0 0.709375 0.31015625 0.0390625 0.0296875
0 0.34296875 0.315625 0.0453125 0.03359375
0 0.61328125 0.13359375 0.04453125 0.03515625