0 0.25 0.2765625 0.021875 0.0171875
0 0.54921875 0.25859375 0.0234375 0.02265625
0 0.6046875 0.61796875 0.028125 0.02265625
0 0.73671875 0.6171875 0.04140625 0.03125
0 0.27109375 0.278125 0.01953125 0.01328125
0 0.84921875 0.46640625 0.04453125 0.0359375
0 0.26875 0.13046875 0.01953125 0.0140625
0 0.31328125 0.54765625 0.028125 0.01796875
0 0.72109375 0.29140625 0.02734375 0.0234375
0 0.49765625 0.215625 0.03125 0.0234375
0 0.91640625 0.3734375 0.0390625 0.0234375
0 0.815625 0.4390625 0.04453125 0.03203125
0 0.65546875 0.2109375 0.03046875 0.025
0 0.3015625 0.53125 0.03203125 0.0203125
0 0.31640625 0.47578125 0.0265625 0.01953125
0 0.76171875 0.4125 0.03828125 0.03046875
0 0.346875 0.36328125 0.028125 0.02265625
0 0.63203125 0.17265625 0.03046875 0.02578125
0 0.6375 0.334375 0.02734375 0.02421875
0 0.56328125 0.3828125 0.03046875 0.02265625
0 0.38984375 0.66015625 0.03828125 0.034375
0 0.81328125 0.4796875 0.0453125 0.0359375
0 0.31875 0.31171875 0.01875 0.01328125
0 0.43828125 0.64453125 0.034375 0.02421875
0 0.65234375 0.23515625 0.03046875 0.0234375
0 0.465625 0.62890625 0.040625 0.03125
0 0.38046875 0.40546875 0.02890625 0.01875
0 0.31796875 0.3734375 0.0296875 0.01875
0 0.62734375 0.20703125 0.02890625 0.0265625
0 0.8171875 0.38984375 0.040625 0.025
0 0.2421875 0.6671875 0.03671875 0.02890625
0 0.38984375 0.58515625 0.03671875 0.0234375
0 0.07890625 0.3796875 0.03046875 0.02265625
0 0.59609375 0.59375 0.03828125 0.0265625
0 0.29453125 0.5109375 0.03203125 0.0203125
0 0.115625 0.36796875 0.02734375 0.02265625
0 0.48203125 0.596875 0.03515625 0.02734375
0 0.59921875 0.18984375 0.03203125 0.02265625
0 0.65390625 0.5203125 0.03125 0.01953125
0 0.31171875 0.49453125 0.02734375 0.01875
0 0.4 0.62421875 0.03046875 0.025
0 0.51328125 0.584375 0.0359375 0.02734375
0 0.6203125 0.30625 0.03125 0.021875
0 0.69453125 0.1953125 0.0328125 0.025
0 0.20546875 0.175 0.02109375 0.01484375
0 0.72578125 0.1890625 0.03203125 0.025
0 0.26015625 0.14375 0.02109375 0.015625