0 0.42578125 0.43359375 0.05625 0.0390625
0 0.23203125 0.01328125 0.046875 0.0265625
0 0.40546875 0.26953125 0.05078125 0.0453125
0 0.371875 0.240625 0.0453125 0.03515625
0 0.95390625 0.32578125 0.0640625 0.04296875
0 0.50234375 0.34921875 0.05078125 0.03984375
0 0.55546875 0.421875 0.05546875 0.03984375
0 0.32578125 0.35390625 0.05234375 0.040625
0 0.33984375 0.28203125 0.04921875 0.0390625
0 0.81328125 0.40703125 0.0609375 0.04296875
0 0.87421875 0.5359375 0.07109375 0.04375
0 0.371875 0.4359375 0.05546875 0.04453125
0 0.71796875 0.51015625 0.040625 0.0328125
0 0.6703125 0.47421875 0.04453125 0.0390625