0 0.5578125 0.21484375 0.078125 0.05703125
0 0.42734375 0.03125 0.0359375 0.03515625
0 0.5703125 0.44765625 0.05703125 0.04765625
0 0.22109375 0.16328125 0.05625 0.0484375
0 0.603125 0.315625 0.05078125 0.03984375
0 0.59296875 0.55625 0.05234375 0.03984375
0 0.63125 0.528125 0.0546875 0.03828125
0 0.52578125 0.375 0.04765625 0.04453125
0 0.29609375 0.43203125 0.0421875 0.0390625
0 0.81875 0.39609375 0.078125 0.0515625
0 0.80625 0.4484375 0.08203125 0.0546875
0 0.32890625 0.31875 0.05078125 0.034375
0 0.25078125 0.29296875 0.04609375 0.04296875
0 0.50625 0.0453125 0.03828125 0.0375
0 0.57890625 0.35703125 0.04296875 0.0375