0 0.46015625 0.31484375 0.0515625 0.0421875
0 0.4390625 0.27890625 0.0515625 0.04375
0 0.43671875 0.3609375 0.053125 0.040625
0 0.5109375 0.18203125 0.0609375 0.046875
0 0.5140625 0.37734375 0.059375 0.046875
0 0.49140625 0.04921875 0.053125 0.040625
0 0.56328125 0.55234375 0.05625 0.046875
0 0.565625 0.4046875 0.053125 0.04375
0 0.0796875 0.2109375 0.0515625 0.0375
0 0.596875 0.48125 0.0578125 0.0375
0 0.603125 0.5203125 0.0640625 0.0421875
0 0.1765625 0.18515625 0.0625 0.040625
0 0.5546875 0.365625 0.0515625 0.040625