0 0.034375 0.12265625 0.0421875 0.025
0 0.4109375 0.01875 0.0296875 0.02421875
0 0.2421875 0.20078125 0.0359375 0.03125
0 0.21171875 0.5625 0.06015625 0.04140625
0 0.26171875 0.2734375 0.040625 0.03671875
0 0.52890625 0.5421875 0.03125 0.021875
0 0.2546875 0.14375 0.0421875 0.0265625
0 0.37421875 0.41171875 0.046875 0.0390625
0 0.90390625 0.1390625 0.03671875 0.028125
0 0.25625 0.54765625 0.05703125 0.04140625
0 0.2828125 0.47421875 0.06875 0.0453125
0 0.2375 0.4453125 0.0578125 0.0421875
0 0.2046875 0.5234375 0.0546875 0.03984375
0 0.7734375 0.35078125 0.05234375 0.03828125
0 0.0453125 0.04765625 0.0296875 0.021875
0 0.0359375 0.10390625 0.03203125 0.0234375
0 0.50234375 0.33125 0.04765625 0.034375
0 0.028125 0.07109375 0.0375 0.02421875
0 0.56171875 0.4359375 0.0390625 0.03046875