0 0.53515625 0.2296875 0.084375 0.06875
0 0.6 0.3125 0.065625 0.0515625
0 0.9765625 0.21171875 0.046875 0.0421875
0 0.54140625 0.34296875 0.0734375 0.0671875
0 0.75390625 0.7546875 0.065625 0.046875
0 0.375 0.4109375 0.084375 0.059375
0 0.74296875 0.65234375 0.03125 0.025
0 0.87734375 0.75703125 0.04375 0.0375
0 0.99375 0.334375 0.0125 0.0375
0 0.5140625 0.14375 0.075 0.0609375
0 0.44765625 0.43203125 0.078125 0.0609375
0 0.8625 0.79921875 0.0375 0.025
0 0.38671875 0.46796875 0.071875 0.0546875
0 0.48828125 0.278125 0.084375 0.0625
0 0.9671875 0.63515625 0.040625 0.0328125
0 0.8328125 0.71015625 0.0390625 0.0265625