0 0.8265625 0.21953125 0.06484375 0.046875
0 0.34296875 0.28984375 0.0515625 0.03828125
0 0.71484375 0.46640625 0.04453125 0.0296875
0 0.40390625 0.5125 0.05703125 0.0421875
0 0.853125 0.26328125 0.04921875 0.04140625
0 0.7890625 0.19609375 0.06484375 0.0453125
0 0.334375 0.4484375 0.0703125 0.0421875
0 0.64921875 0.465625 0.03984375 0.03359375
0 0.4234375 0.05234375 0.04453125 0.03359375
0 0.39609375 0.3640625 0.04765625 0.03828125
0 0.37265625 0.0890625 0.0421875 0.03828125
0 0.58671875 0.35 0.0453125 0.040625
0 0.684375 0.478125 0.04296875 0.03125
0 0.71015625 0.51328125 0.04453125 0.03125