0 0.35078125 0.3765625 0.0453125 0.0296875
0 0.08984375 0.32734375 0.034375 0.0296875
0 0.08203125 0.2875 0.04375 0.028125
0 0.56015625 0.45625 0.0375 0.0328125
0 0.58828125 0.328125 0.040625 0.0296875
0 0.396875 0.4421875 0.034375 0.021875
0 0.4921875 0.475 0.034375 0.0265625
0 0.47578125 0.11484375 0.053125 0.04375
0 0.96171875 0.22890625 0.05625 0.040625
0 0.9359375 0.2984375 0.05625 0.04375
0 0.2640625 0.253125 0.034375 0.025
0 0.49375 0.16953125 0.0578125 0.0484375
0 0.2078125 0.2421875 0.0296875 0.025
0 0.6046875 0.278125 0.05625 0.0421875
0 0.14296875 0.24765625 0.040625 0.025
0 0.9109375 0.2359375 0.05625 0.0375
0 0.1234375 0.33359375 0.040625 0.03125
0 0.8 0.2234375 0.040625 0.034375
0 0.6296875 0.45546875 0.034375 0.0296875
0 0.6671875 0.3 0.04375 0.0375
0 0.18125 0.28046875 0.0328125 0.0265625
0 0.85078125 0.30546875 0.04375 0.0375
0 0.5703125 0.20390625 0.04375 0.040625
0 0.525 0.33203125 0.0515625 0.0453125
0 0.5703125 0.253125 0.05 0.040625
0 0.2375 0.2703125 0.03125 0.028125
0 0.0921875 0.53828125 0.04375 0.034375
0 0.62890625 0.3484375 0.0375 0.03125
0 0.734375 0.403125 0.0375 0.03125
0 0.49921875 0.42890625 0.046875 0.03125