0 0.4703125 0.0359375 0.025 0.03125
0 0.00625 0.884375 0.0125 0.0421875
0 0.19765625 0.31953125 0.025 0.0375
0 0.30625 0.9296875 0.0359375 0.0484375
0 0.47890625 0.5390625 0.034375 0.0453125
0 0.18203125 0.15078125 0.021875 0.028125
0 0.51640625 0.5171875 0.034375 0.0421875
0 0.1078125 0.22890625 0.021875 0.025
0 0.3703125 0.6484375 0.03125 0.0375
0 0.50546875 0.21640625 0.01875 0.021875
0 0.57265625 0.11796875 0.0203125 0.025
0 0.50625 0.14765625 0.0171875 0.021875
0 0.46953125 0.0890625 0.0234375 0.03125
0 0.39140625 0.0859375 0.021875 0.028125
0 0.32421875 0.51015625 0.034375 0.0421875
0 0.37421875 0.38515625 0.0296875 0.0328125
0 0.15 0.18515625 0.01875 0.028125
0 0.603125 0.1421875 0.021875 0.0296875
0 0.16484375 0.13046875 0.025 0.0328125
0 0.18515625 0.38984375 0.028125 0.0328125
0 0.453125 0.0171875 0.021875 0.03125
0 0.1140625 0.04609375 0.028125 0.0375
0 0.2234375 0.325 0.0265625 0.0375
0 0.09296875 0.42890625 0.05 0.046875
0 0.30859375 0.0671875 0.021875 0.03125
0 0.2296875 0.53515625 0.028125 0.0328125
0 0.44296875 0.50390625 0.040625 0.046875