0 0.62890625 0.0234375 0.01796875 0.0171875
0 0.50625 0.15390625 0.02734375 0.021875
0 0.178125 0.17890625 0.021875 0.01796875
0 0.51484375 0.1765625 0.02890625 0.025
0 0.53671875 0.03203125 0.0171875 0.0140625
0 0.71640625 0.2859375 0.0234375 0.0203125
0 0.38984375 0.2578125 0.03046875 0.02421875
0 0.58125 0.33125 0.028125 0.025
0 0.57734375 0.0078125 0.02578125 0.015625
0 0.8625 0.490625 0.053125 0.0375
0 0.51484375 0.1109375 0.02734375 0.02421875
0 0.53125 0.01640625 0.02578125 0.01875
0 0.57734375 0.30703125 0.03515625 0.025
0 0.2921875 0.4578125 0.02890625 0.02109375
0 0.471875 0.3046875 0.03984375 0.0328125
0 0.503125 0.2859375 0.03671875 0.0328125
0 0.2671875 0.459375 0.02578125 0.01875
0 0.54765625 0.3234375 0.03359375 0.02890625
0 0.55859375 0.07109375 0.02578125 0.02421875
0 0.5765625 0.05234375 0.0296875 0.02109375
0 0.43125 0.415625 0.040625 0.02890625
0 0.428125 0.44296875 0.0421875 0.03125