0 0.45234375 0.49921875 0.0375 0.03359375
0 0.90546875 0.32734375 0.053125 0.034375
0 0.55703125 0.453125 0.04609375 0.03203125
0 0.8421875 0.75546875 0.04765625 0.04296875
0 0.125 0.3125 0.02578125 0.01796875
0 0.7796875 0.31484375 0.04453125 0.03125
0 0.45234375 0.4421875 0.040625 0.03359375
0 0.58359375 0.47890625 0.040625 0.034375
0 0.4375 0.5265625 0.04765625 0.034375
0 0.2953125 0.16953125 0.04296875 0.0359375
0 0.33203125 0.18671875 0.0453125 0.03515625
0 0.590625 0.3828125 0.046875 0.04296875
0 0.56015625 0.2734375 0.0453125 0.03515625
0 0.37890625 0.45078125 0.04609375 0.02890625