0 0.28515625 0.33828125 0.040625 0.028125
0 0.01015625 0.3921875 0.01875 0.0265625
0 0.4421875 0.24765625 0.0390625 0.0234375
0 0.93515625 0.20703125 0.05625 0.04375
0 0.590625 0.19375 0.05 0.034375
0 0.328125 0.31328125 0.028125 0.025
0 0.19140625 0.4671875 0.040625 0.025
0 0.19296875 0.44453125 0.0375 0.028125
0 0.4875 0.26484375 0.028125 0.0203125
0 0.6546875 0.0765625 0.0328125 0.025
0 0.6 0.47890625 0.046875 0.040625
0 0.184375 0.23828125 0.059375 0.046875
0 0.06484375 0.2703125 0.0625 0.05
0 0.42890625 0.26796875 0.0359375 0.025
0 0.3578125 0.2328125 0.0375 0.034375
0 0.24375 0.35 0.04375 0.03125
0 0.40546875 0.2859375 0.0328125 0.028125
0 0.6484375 0.16796875 0.040625 0.0359375
0 0.36328125 0.2796875 0.03125 0.025
0 0.6640625 0.46171875 0.046875 0.034375
0 0.63359375 0.51796875 0.046875 0.040625