0 0.4734375 0.15390625 0.025 0.0390625
0 0.403125 0.615625 0.03125 0.040625
0 0.3953125 0.34609375 0.025 0.0359375
0 0.19375 0.69140625 0.053125 0.059375
0 0.4265625 0.3265625 0.0265625 0.03125
0 0.56640625 0.56015625 0.0453125 0.053125
0 0.48671875 0.46640625 0.0359375 0.053125
0 0.1296875 0.80078125 0.053125 0.0921875
0 0.60078125 0.64296875 0.0375 0.053125
0 0.48984375 0.3015625 0.0265625 0.034375
0 0.50546875 0.6484375 0.040625 0.05
0 0.0703125 0.79296875 0.0515625 0.0703125
0 0.5296875 0.165625 0.034375 0.046875
0 0.4359375 0.6328125 0.0375 0.046875
0 0.25859375 0.846875 0.03125 0.0421875
0 0.20859375 0.78046875 0.0375 0.0453125