0 0.79609375 0.14609375 0.059375 0.04375
0 0.21328125 0.3640625 0.040625 0.0328125
0 0.7953125 0.4546875 0.0375 0.0375
0 0.69453125 0.5078125 0.03125 0.021875
0 0.4546875 0.4734375 0.05625 0.040625
0 0.88671875 0.015625 0.04375 0.03125
0 0.26171875 0.3453125 0.053125 0.0359375
0 0.5109375 0.48046875 0.0625 0.040625
0 0.20625 0.334375 0.059375 0.0375
0 0.70703125 0.1625 0.05 0.04375
0 0.8296875 0.44921875 0.04375 0.034375
0 0.6640625 0.51484375 0.034375 0.021875
0 0.69296875 0.53125 0.03125 0.0265625
0 0.2484375 0.3765625 0.0484375 0.0375