0 0.22265625 0.0109375 0.025 0.021875
0 0.390625 0.49921875 0.0484375 0.05625
0 0.215625 0.534375 0.0328125 0.046875
0 0.32421875 0.35703125 0.053125 0.059375
0 0.45390625 0.54765625 0.034375 0.040625
0 0.51484375 0.5734375 0.053125 0.065625
0 0.1953125 0.50625 0.04375 0.053125
0 0.4625 0.653125 0.05625 0.065625
0 0.08515625 0.034375 0.025 0.0359375
0 0.2 0.46171875 0.034375 0.0484375
0 0.3515625 0.13359375 0.04375 0.05
0 0.23984375 0.60859375 0.040625 0.065625
0 0.25859375 0.44375 0.0515625 0.053125
0 0.25859375 0.3640625 0.046875 0.053125