0 0.68125 0.15703125 0.078125 0.0515625
0 0.35703125 0.596875 0.0671875 0.03984375
0 0.4046875 0.6203125 0.06171875 0.04921875
0 0.56875 0.15 0.07421875 0.06015625
0 0.4140625 0.12734375 0.07109375 0.0671875
0 0.98359375 0.1765625 0.03203125 0.0296875
0 0.63984375 0.58359375 0.03671875 0.02421875
0 0.6734375 0.5921875 0.03671875 0.03359375
0 0.44921875 0.52890625 0.059375 0.04296875
0 0.4234375 0.46015625 0.065625 0.04296875
0 0.775 0.44296875 0.0484375 0.04375
0 0.72265625 0.40546875 0.046875 0.034375
0 0.9796875 0.14296875 0.040625 0.03046875
0 0.7484375 0.51015625 0.040625 0.02734375