0 0.14453125 0.05625 0.1203125 0.0890625
0 0.159375 0.0203125 0.1375 0.040625
0 0.05 0.08359375 0.1 0.10625
0 0.015625 0.41328125 0.03125 0.103125
0 0.01171875 0.48984375 0.0234375 0.0625
0 0.05625 0.47265625 0.096875 0.071875
0 0.49453125 0.37421875 0.134375 0.08125
0 0.565625 0.41484375 0.109375 0.096875
0 0.45234375 0.50703125 0.190625 0.1375
0 0.6015625 0.63828125 0.1421875 0.1328125
0 0.5921875 0.9171875 0.140625 0.128125
0 0.04765625 0.99140625 0.0640625 0.0171875
0 0.65625 0.50234375 0.0375 0.028125
0 0.684375 0.50546875 0.0421875 0.028125
0 0.6234375 0.51875 0.046875 0.046875
0 0.71328125 0.55 0.0421875 0.028125