0 0.14375 0.00859375 0.11875 0.0171875
0 0.05078125 0.0265625 0.1015625 0.053125
0 0.0171875 0.32578125 0.034375 0.1015625
0 0.01328125 0.40078125 0.0265625 0.0625
0 0.05859375 0.38359375 0.09375 0.071875
0 0.4890625 0.2875 0.13125 0.08125
0 0.55859375 0.3265625 0.10625 0.09375
0 0.4484375 0.41796875 0.1875 0.134375
0 0.59453125 0.54609375 0.1390625 0.13125
0 0.58515625 0.8203125 0.1375 0.125
0 0.0515625 0.90703125 0.0625 0.040625
0 0.6484375 0.41328125 0.0359375 0.0265625
0 0.67578125 0.41640625 0.040625 0.028125
0 0.61640625 0.4296875 0.046875 0.046875
0 0.7046875 0.46015625 0.040625 0.0265625