0 0.14375 0.05390625 0.10625 0.078125
0 0.1578125 0.01953125 0.11875 0.0390625
0 0.0515625 0.07734375 0.103125 0.09375
0 0.02265625 0.365625 0.0453125 0.090625
0 0.01953125 0.4328125 0.0375 0.0578125
0 0.0671875 0.41796875 0.084375 0.0640625
0 0.44921875 0.33203125 0.1171875 0.071875
0 0.5109375 0.36640625 0.0953125 0.084375
0 0.41328125 0.44765625 0.1671875 0.11875
0 0.54296875 0.56171875 0.1234375 0.115625
0 0.53359375 0.80546875 0.121875 0.109375
0 0.06015625 0.8828125 0.05625 0.0359375
0 0.94921875 0.9796875 0.1015625 0.040625
0 0.590625 0.44375 0.0328125 0.0234375
0 0.615625 0.44609375 0.0359375 0.025
0 0.56171875 0.45859375 0.040625 0.040625
0 0.640625 0.48515625 0.0359375 0.025