0 0.12890625 0.05625 0.11875 0.0875
0 0.14296875 0.01953125 0.1359375 0.0390625
0 0.0421875 0.08203125 0.084375 0.1046875
0 0.0078125 0.4109375 0.015625 0.103125
0 0.04453125 0.46953125 0.0875 0.071875
0 0.4765625 0.371875 0.134375 0.08125
0 0.546875 0.41171875 0.109375 0.0953125
0 0.43515625 0.50390625 0.190625 0.134375
0 0.5828125 0.63359375 0.140625 0.13125
0 0.5734375 0.9109375 0.1390625 0.1265625
0 0.03359375 0.98828125 0.0625 0.0234375
0 0.6375 0.49921875 0.0359375 0.028125
0 0.66484375 0.5015625 0.040625 0.028125
0 0.6046875 0.515625 0.046875 0.046875
0 0.69375 0.54609375 0.040625 0.028125