0 0.08984375 0.30390625 0.053125 0.0609375
0 0.01484375 0.2671875 0.0296875 0.05
0 0.3734375 0.25625 0.05625 0.040625
0 0.5140625 0.23046875 0.071875 0.05
0 0.78203125 0.2375 0.059375 0.0484375
0 0.6109375 0.2875 0.059375 0.05625
0 0.58359375 0.32734375 0.059375 0.053125
0 0.6234375 0.325 0.0609375 0.040625
0 0.05546875 0.30234375 0.0625 0.0640625
0 0.52421875 0.1 0.0359375 0.0375
0 0.89453125 0.57421875 0.0859375 0.06875
0 0.98828125 0.60546875 0.0234375 0.071875
0 0.9359375 0.63125 0.06875 0.06875
0 0.325 0.96796875 0.0359375 0.03125
0 0.39375 0.53359375 0.0265625 0.025
0 0.41953125 0.63828125 0.0359375 0.0234375
0 0.3921875 0.63515625 0.028125 0.0265625
0 0.61953125 0.56796875 0.034375 0.028125
0 0.38828125 0.88203125 0.0265625 0.021875
0 0.3703125 0.82109375 0.028125 0.0234375
0 0.1578125 0.09765625 0.046875 0.0234375
0 0.09765625 0.10859375 0.04375 0.03125
0 0.375 0.01484375 0.028125 0.015625
0 0.45078125 0.5984375 0.040625 0.01875
0 0.57578125 0.5296875 0.01875 0.01875
0 0.4984375 0.53125 0.01875 0.0125
0 0.6796875 0.42734375 0.0359375 0.021875
0 0.15859375 0.28359375 0.0375 0.0265625
0 0.29921875 0.61484375 0.021875 0.01875
0 0.2390625 0.80078125 0.03125 0.03125
0 0.45390625 0.85234375 0.01875 0.0140625
0 0.00390625 0.93515625 0.00625 0.03125
0 0.02890625 0.9453125 0.01875 0.0125
0 0.00546875 0.9015625 0.0109375 0.0109375
0 0.4890625 0.99375 0.01875 0.0125