0 0.0796875 0.26171875 0.0484375 0.0546875
0 0.0125 0.22890625 0.025 0.0453125
0 0.334375 0.21953125 0.05 0.0375
0 0.46171875 0.19609375 0.0640625 0.0453125
0 0.70234375 0.20234375 0.053125 0.04375
0 0.5484375 0.24765625 0.053125 0.05
0 0.52421875 0.28359375 0.053125 0.0484375
0 0.559375 0.28125 0.0546875 0.0375
0 0.0484375 0.2609375 0.05625 0.0578125
0 0.4703125 0.07890625 0.03125 0.034375
0 0.94296875 0.44296875 0.09375 0.075
0 0.80390625 0.50546875 0.078125 0.0625
0 0.92734375 0.534375 0.1 0.0640625
0 0.93359375 0.5953125 0.1 0.0671875
0 0.840625 0.55703125 0.0625 0.0625
0 0.7171875 0.96171875 0.04375 0.040625
0 0.290625 0.86015625 0.03125 0.028125
0 0.353125 0.94453125 0.028125 0.021875
0 0.353125 0.46953125 0.025 0.021875
0 0.3765625 0.56328125 0.03125 0.021875
0 0.3515625 0.56015625 0.025 0.025
0 0.55625 0.5 0.03125 0.025
0 0.3484375 0.7828125 0.025 0.01875
0 0.33203125 0.728125 0.025 0.021875
0 0.140625 0.0765625 0.0421875 0.021875
0 0.0859375 0.08671875 0.040625 0.028125
0 0.3359375 0.0046875 0.025 0.009375
0 0.4046875 0.52734375 0.0375 0.01875
0 0.5171875 0.465625 0.015625 0.015625
0 0.446875 0.4671875 0.015625 0.0109375
0 0.61015625 0.3734375 0.03125 0.01875
0 0.14140625 0.24453125 0.034375 0.025
0 0.26796875 0.54296875 0.01875 0.01875
0 0.2140625 0.71015625 0.028125 0.028125
0 0.40703125 0.75625 0.01875 0.0125
0 0.00234375 0.83046875 0.0046875 0.028125
0 0.02421875 0.83984375 0.015625 0.0109375
0 0.00390625 0.80078125 0.0078125 0.009375
0 0.4390625 0.88515625 0.015625 0.0125
0 0.47109375 0.94765625 0.01875 0.0125