0 0.23984375 0.984375 0.0625 0.03125
0 0.190625 0.7015625 0.0421875 0.0578125
0 0.16328125 0.55546875 0.0515625 0.071875
0 0.17109375 0.27578125 0.05 0.059375
0 0.22265625 0.4546875 0.0578125 0.0609375
0 0.26484375 0.48203125 0.05625 0.059375
0 0.2625 0.44140625 0.04375 0.0625
0 0.028125 0.54453125 0.0390625 0.0359375
0 0.446875 0.0265625 0.0875 0.053125
0 0.5203125 0.16015625 0.071875 0.090625
0 0.5546875 0.0375 0.075 0.075
0 0.62421875 0.034375 0.0765625 0.06875
0 0.58046875 0.1171875 0.071875 0.071875
0 0.93046875 0.7515625 0.034375 0.0375
0 0.4796875 0.68046875 0.025 0.028125
0 0.5875 0.65390625 0.025 0.0375
0 0.58359375 0.6828125 0.0265625 0.0296875
0 0.5140625 0.4453125 0.028125 0.034375
0 0.84140625 0.68671875 0.021875 0.028125
0 0.778125 0.7046875 0.025 0.03125
0 0.025 0.92578125 0.0234375 0.0484375
0 0.0375 0.98359375 0.0328125 0.0328125
0 0.54609375 0.62109375 0.01875 0.04375
0 0.47421875 0.490625 0.0171875 0.01875
0 0.4765625 0.571875 0.0125 0.01875
0 0.36875 0.38359375 0.021875 0.0375
0 0.21953125 0.925 0.028125 0.0390625
0 0.5640625 0.77890625 0.0203125 0.021875
0 0.75703125 0.84140625 0.0328125 0.03125
0 0.8109375 0.61796875 0.0125 0.01875
0 0.95859375 0.58125 0.0140625 0.01875