0 0.09296875 0.2671875 0.046875 0.053125
0 0.0203125 0.23671875 0.040625 0.04375
0 0.340625 0.22578125 0.0484375 0.0359375
0 0.4640625 0.203125 0.0625 0.04375
0 0.6984375 0.209375 0.0515625 0.0421875
0 0.5484375 0.253125 0.0515625 0.0484375
0 0.525 0.28828125 0.0515625 0.046875
0 0.559375 0.2859375 0.053125 0.0359375
0 0.0625 0.26640625 0.0546875 0.05625
0 0.47265625 0.0890625 0.03125 0.0328125
0 0.93203125 0.44296875 0.090625 0.0734375
0 0.796875 0.50390625 0.075 0.0609375
0 0.9171875 0.53203125 0.096875 0.0625
0 0.92265625 0.59140625 0.096875 0.065625
0 0.8328125 0.55390625 0.0609375 0.0609375
0 0.7125 0.946875 0.0421875 0.0390625
0 0.2984375 0.8484375 0.03125 0.028125
0 0.35859375 0.93046875 0.028125 0.0203125
0 0.35859375 0.46875 0.0234375 0.021875
0 0.38125 0.56015625 0.03125 0.0203125
0 0.35703125 0.55703125 0.025 0.0234375
0 0.55625 0.4984375 0.0296875 0.025
0 0.35390625 0.7734375 0.0234375 0.01875
0 0.33828125 0.7203125 0.025 0.0203125
0 0.15234375 0.08671875 0.040625 0.0203125
0 0.09921875 0.096875 0.0390625 0.0265625
0 0.3421875 0.01484375 0.025 0.0140625
0 0.40859375 0.525 0.0359375 0.0171875
0 0.51796875 0.46484375 0.015625 0.015625
0 0.45 0.46640625 0.015625 0.0109375
0 0.60859375 0.37578125 0.03125 0.01875
0 0.153125 0.25 0.0328125 0.0234375
0 0.27578125 0.53984375 0.01875 0.0171875
0 0.2234375 0.70234375 0.028125 0.028125
0 0.4109375 0.74765625 0.0171875 0.0125
0 0.01015625 0.81953125 0.0203125 0.0265625
0 0.0390625 0.82890625 0.015625 0.0109375
0 0.01796875 0.79140625 0.0109375 0.009375
0 0.00859375 0.884375 0.0171875 0.0140625
0 0.4421875 0.87265625 0.015625 0.0125
0 0.4734375 0.93359375 0.01875 0.0125