0 0.2546875 0.940625 0.05625 0.0484375
0 0.21171875 0.68359375 0.0375 0.05
0 0.18828125 0.55546875 0.0453125 0.065625
0 0.19453125 0.31171875 0.04375 0.053125
0 0.240625 0.4671875 0.05 0.053125
0 0.2765625 0.4921875 0.0484375 0.053125
0 0.27421875 0.45625 0.0375 0.05625
0 0.25234375 0.97265625 0.0578125 0.0546875
0 0.06953125 0.54609375 0.034375 0.0328125
0 0.4375 0.06875 0.0765625 0.09375
0 0.50078125 0.209375 0.0625 0.078125
0 0.5296875 0.084375 0.065625 0.1
0 0.59140625 0.07890625 0.06875 0.1
0 0.553125 0.171875 0.0625 0.0625
0 0.9609375 0.296875 0.040625 0.04375
0 0.85859375 0.72734375 0.028125 0.0328125
0 0.94375 0.66484375 0.021875 0.028125
0 0.4640625 0.66484375 0.021875 0.025
0 0.559375 0.64140625 0.021875 0.0328125
0 0.55625 0.66640625 0.025 0.025
0 0.4953125 0.459375 0.025 0.03125
0 0.78046875 0.66953125 0.01875 0.025
0 0.72578125 0.6859375 0.021875 0.025
0 0.0671875 0.87890625 0.021875 0.0421875
0 0.078125 0.934375 0.028125 0.040625
0 0.52265625 0.6125 0.01875 0.0375
0 0.46015625 0.49921875 0.015625 0.015625
0 0.46171875 0.56953125 0.0125 0.015625
0 0.36796875 0.4046875 0.01875 0.0328125
0 0.23671875 0.878125 0.025 0.034375
0 0.53828125 0.75078125 0.01875 0.01875
0 0.70703125 0.80546875 0.028125 0.028125
0 0.75390625 0.61015625 0.0125 0.01875
0 0.8375 0.99453125 0.0125 0.0109375
0 0.88359375 0.578125 0.0125 0.015625
0 0.946875 0.5453125 0.0125 0.01875