0 0.01875 0.22109375 0.0375 0.0609375
0 0.3 0.1734375 0.05625 0.0421875
0 0.44375 0.14765625 0.071875 0.05
0 0.71640625 0.1546875 0.059375 0.05
0 0.5421875 0.20546875 0.059375 0.05625
0 0.51484375 0.24609375 0.059375 0.0546875
0 0.5546875 0.24375 0.0625 0.0421875
0 0.45234375 0.01640625 0.0375 0.0328125
0 0.9671875 0.4265625 0.065625 0.084375
0 0.83125 0.49765625 0.0875 0.071875
0 0.95703125 0.52890625 0.084375 0.071875
0 0.96015625 0.5984375 0.0796875 0.0765625
0 0.87265625 0.55546875 0.071875 0.071875
0 0.73203125 0.99453125 0.05 0.0109375
0 0.25078125 0.8984375 0.0375 0.0328125
0 0.3203125 0.990625 0.0328125 0.01875
0 0.32109375 0.45625 0.028125 0.025
0 0.34765625 0.5625 0.0375 0.0234375
0 0.31875 0.559375 0.028125 0.028125
0 0.55078125 0.490625 0.034375 0.028125
0 0.315625 0.8109375 0.028125 0.021875
0 0.29765625 0.74921875 0.028125 0.0234375
0 0.08125 0.01171875 0.046875 0.0234375
0 0.02109375 0.02265625 0.0421875 0.03125
0 0.37890625 0.521875 0.0421875 0.0203125
0 0.50625 0.4515625 0.01875 0.01875
0 0.42734375 0.45390625 0.01875 0.0125
0 0.61171875 0.3484375 0.0375 0.021875
0 0.08203125 0.2015625 0.0375 0.028125
0 0.22421875 0.5390625 0.021875 0.0203125
0 0.16328125 0.728125 0.0328125 0.0328125
0 0.38203125 0.78125 0.0203125 0.015625
0 0.41796875 0.9265625 0.01875 0.015625
0 0.4546875 0.99453125 0.021875 0.0109375