0 0.22265625 0.6375 0.153125 0.2359375
0 0.22890625 0.43046875 0.134375 0.20625
0 0.30390625 0.24921875 0.0625 0.090625
0 0.359375 0.19453125 0.09375 0.096875
0 0.25234375 0.03515625 0.0703125 0.0703125
0 0.4625 0.11640625 0.075 0.071875
0 0.80234375 0.5921875 0.1140625 0.1109375
0 0.78515625 0.46796875 0.115625 0.125
0 0.6984375 0.48046875 0.103125 0.11875
0 0.59296875 0.21796875 0.0828125 0.078125
0 0.9109375 0.53046875 0.090625 0.0984375
0 0.9609375 0.2703125 0.078125 0.096875
0 0.98046875 0.31328125 0.0390625 0.1046875
0 0.66640625 0.2359375 0.059375 0.090625
0 0.65703125 0.659375 0.04375 0.0625