0 0.19765625 0.62109375 0.13125 0.2015625
0 0.203125 0.4453125 0.115625 0.175
0 0.26640625 0.28984375 0.053125 0.075
0 0.31484375 0.24375 0.08125 0.084375
0 0.22421875 0.0953125 0.0609375 0.084375
0 0.4015625 0.17734375 0.0625 0.0609375
0 0.6921875 0.5828125 0.096875 0.09375
0 0.6765625 0.4765625 0.096875 0.109375
0 0.603125 0.4875 0.090625 0.103125
0 0.51328125 0.2640625 0.071875 0.065625
0 0.78359375 0.53046875 0.078125 0.084375
0 0.83046875 0.3078125 0.071875 0.084375
0 0.86484375 0.34453125 0.071875 0.090625
0 0.57578125 0.27890625 0.05 0.078125
0 0.56796875 0.63984375 0.0375 0.053125