0 0.19453125 0.61953125 0.13125 0.2015625
0 0.2 0.44375 0.115625 0.175
0 0.26328125 0.28828125 0.053125 0.075
0 0.3109375 0.2421875 0.08125 0.084375
0 0.22109375 0.09375 0.0609375 0.084375
0 0.3984375 0.17578125 0.0625 0.0609375
0 0.6890625 0.58125 0.096875 0.09375
0 0.6734375 0.475 0.096875 0.109375
0 0.6 0.4859375 0.090625 0.103125
0 0.51015625 0.2625 0.071875 0.065625
0 0.78046875 0.52890625 0.078125 0.084375
0 0.82734375 0.30625 0.071875 0.084375
0 0.86171875 0.34296875 0.071875 0.090625
0 0.57265625 0.27734375 0.05 0.078125
0 0.56484375 0.63828125 0.0375 0.053125