0 0.428125 0.434375 0.06953125 0.11953125
0 0.5078125 0.50859375 0.09765625 0.1359375
0 0.55234375 0.378125 0.08671875 0.13203125
0 0.34609375 0.29453125 0.06171875 0.0765625
0 0.31171875 0.23984375 0.0625 0.10078125
0 0.2921875 0.15078125 0.05 0.0828125
0 0.05078125 0.46796875 0.0578125 0.13046875
0 0.35078125 0.775 0.09296875 0.103125
0 0.40234375 0.9109375 0.08359375 0.14453125
0 0.478125 0.8265625 0.08515625 0.15078125
0 0.32265625 0.6515625 0.0609375 0.08125
0 0.3578125 0.5828125 0.0828125 0.09609375
0 0.13828125 0.70390625 0.084375 0.134375
0 0.0609375 0.85 0.0625 0.1828125
0 0.18125 0.91953125 0.08046875 0.1609375
0 0.1265625 0.578125 0.05234375 0.128125
0 0.05625 0.59453125 0.090625 0.14609375
0 0.03359375 0.74921875 0.0671875 0.125