0 0.34921875 0.64375 0.13046875 0.16328125
0 0.4484375 0.76484375 0.1921875 0.1125
0 0.57265625 0.68046875 0.1078125 0.13125
0 0.45234375 0.5515625 0.1703125 0.115625
0 0.46640625 0.65703125 0.12578125 0.09609375
0 0.60859375 0.50703125 0.14921875 0.12265625
0 0.72109375 0.50625 0.1328125 0.13046875
0 0.640625 0.61171875 0.121875 0.11328125
0 0.75234375 0.58984375 0.159375 0.06796875
0 0.7 0.68125 0.1359375 0.1046875
0 0.3796875 0.453125 0.19765625 0.07734375
0 0.56015625 0.42265625 0.18671875 0.090625
0 0.2796875 0.53984375 0.12421875 0.1234375
0 0.60078125 0.76015625 0.12578125 0.10234375