0 0.4703125 0.1921875 0.24609375 0.15
0 0.18984375 0.25234375 0.21015625 0.153125
0 0.0796875 0.18515625 0.15234375 0.153125
0 0.42578125 0.39296875 0.20703125 0.1640625
0 0.59921875 0.4078125 0.25859375 0.13671875
0 0.79140625 0.38515625 0.1859375 0.14375
0 0.6046875 0.6328125 0.225 0.14140625
0 0.4765625 0.725 0.1609375 0.1625
0 0.57578125 0.8640625 0.21171875 0.159375
0 0.20390625 0.90234375 0.19921875 0.10546875
0 0.2890625 0.50859375 0.27265625 0.20859375
0 0.0859375 0.496875 0.1453125 0.15859375
0 0.534375 0.5328125 0.2265625 0.10546875
0 0.73359375 0.58046875 0.2125 0.15859375