0 0.32890625 0.40390625 0.07578125 0.10078125
0 0.3796875 0.3703125 0.0828125 0.115625
0 0.41484375 0.334375 0.0875 0.08359375
0 0.440625 0.27421875 0.071875 0.13828125
0 0.50859375 0.2609375 0.0765625 0.09453125
0 0.51875 0.715625 0.05546875 0.071875
0 0.5359375 0.8609375 0.071875 0.1078125
0 0.6859375 0.87109375 0.0640625 0.09453125
0 0.6953125 0.6625 0.06328125 0.1359375
0 0.68671875 0.77109375 0.0875 0.0890625
0 0.60390625 0.73125 0.0609375 0.1078125
0 0.75546875 0.728125 0.07734375 0.078125
0 0.77421875 0.80703125 0.08125 0.121875
0 0.765625 0.67109375 0.10625 0.0828125
0 0.5625 0.7640625 0.0828125 0.09765625
0 0.7828125 0.8703125 0.0671875 0.11796875