0 0.11796875 0.51015625 0.165625 0.2734375
0 0.18515625 0.8203125 0.16875 0.23125
0 0.11015625 0.93046875 0.16875 0.1390625
0 0.33984375 0.559375 0.18125 0.228125
0 0.35703125 0.36640625 0.15 0.2859375
0 0.33125 0.15390625 0.159375 0.20625
0 0.60546875 0.3609375 0.15625 0.25
0 0.70703125 0.503125 0.1796875 0.178125
0 0.8609375 0.3921875 0.175 0.234375
0 0.903125 0.8046875 0.115625 0.2203125
0 0.46796875 0.71015625 0.23125 0.303125
0 0.45390625 0.92734375 0.175 0.14375
0 0.4953125 0.4390625 0.115625 0.25
0 0.546875 0.21796875 0.175 0.234375