0 0.5 0.36640625 0.0953125 0.09921875
0 0.55546875 0.5140625 0.09375 0.11796875
0 0.384375 0.25 0.084375 0.1421875
0 0.53828125 0.26328125 0.0828125 0.14765625
0 0.21328125 0.3515625 0.08671875 0.0921875
0 0.35625 0.36640625 0.06953125 0.10859375
0 0.19453125 0.17578125 0.10546875 0.11953125
0 0.715625 0.3171875 0.05703125 0.1390625
0 0.86015625 0.3671875 0.0734375 0.13203125
0 0.63515625 0.584375 0.096875 0.115625
0 0.50546875 0.18359375 0.11796875 0.10390625
0 0.46015625 0.52578125 0.1109375 0.13671875
0 0.35859375 0.48828125 0.103125 0.14296875