0 0.321875 0.67109375 0.1390625 0.175
0 0.42734375 0.8 0.2046875 0.1203125
0 0.56015625 0.71015625 0.115625 0.140625
0 0.43203125 0.57265625 0.18125 0.1234375
0 0.446875 0.68515625 0.134375 0.103125
0 0.5984375 0.525 0.159375 0.13125
0 0.71875 0.52421875 0.1421875 0.1390625
0 0.63203125 0.6359375 0.13125 0.121875
0 0.75234375 0.61328125 0.1703125 0.071875
0 0.69609375 0.7109375 0.14375 0.1109375
0 0.3546875 0.4671875 0.2109375 0.0828125
0 0.54609375 0.43515625 0.2 0.096875
0 0.24765625 0.559375 0.1328125 0.13125
0 0.58984375 0.7953125 0.134375 0.109375