0 0.44609375 0.5140625 0.1015625 0.065625
0 0.52109375 0.52265625 0.078125 0.0828125
0 0.37421875 0.57734375 0.071875 0.1
0 0.3640625 0.6125 0.10625 0.06875
0 0.7375 0.40546875 0.109375 0.0796875
0 0.7859375 0.24765625 0.096875 0.103125
0 0.86171875 0.1546875 0.1171875 0.0625
0 0.60390625 0.08828125 0.1 0.078125
0 0.57734375 0.0265625 0.096875 0.053125
0 0.47734375 0.10546875 0.10625 0.0796875
0 0.31171875 0.28046875 0.10625 0.090625
0 0.05625 0.05234375 0.1 0.103125
0 0.23046875 0.28046875 0.10625 0.078125
0 0.39609375 0.30703125 0.06875 0.0828125
0 0.47734375 0.3015625 0.1 0.09375
0 0.55625 0.3046875 0.084375 0.1
0 0.5859375 0.2875 0.128125 0.09375
0 0.4625 0.3953125 0.128125 0.0828125