0 0.68359375 0.36796875 0.10234375 0.08203125
0 0.33359375 0.18984375 0.071875 0.06875
0 0.28515625 0.23671875 0.09921875 0.06015625
0 0.29453125 0.296875 0.071875 0.06015625
0 0.38046875 0.26171875 0.078125 0.0765625
0 0.37109375 0.4796875 0.09140625 0.084375
0 0.37421875 0.54921875 0.12265625 0.05078125
0 0.26171875 0.75234375 0.10859375 0.0625
0 0.25390625 0.8265625 0.09921875 0.0921875
0 0.71484375 0.47421875 0.11796875 0.0765625
0 0.621875 0.66953125 0.11796875 0.075
0 0.73828125 0.53515625 0.078125 0.06171875
0 0.81640625 0.50390625 0.1015625 0.06328125