0 0.528125 0.8421875 0.0921875 0.15
0 0.53125 0.95703125 0.1375 0.0859375
0 0.3984375 0.94140625 0.134375 0.1171875
0 0.27421875 0.91796875 0.1234375 0.1640625
0 0.6484375 0.975 0.146875 0.05
0 0.74375 0.9359375 0.1125 0.128125
0 0.63515625 0.79296875 0.140625 0.146875
0 0.62421875 0.89296875 0.1234375 0.1
0 0.853125 0.80625 0.0765625 0.171875
0 0.75234375 0.8125 0.13125 0.1609375
0 0.7609375 0.71015625 0.1421875 0.1375
0 0.86171875 0.6828125 0.115625 0.11875
0 0.76875 0.58359375 0.096875 0.13125
0 0.8609375 0.578125 0.0875 0.1390625
0 0.81796875 0.4546875 0.1140625 0.159375
0 0.73203125 0.47578125 0.0734375 0.121875
0 0.3484375 0.80546875 0.0875 0.178125
0 0.4421875 0.83203125 0.09375 0.1609375
0 0.41171875 0.7125 0.115625 0.1671875
0 0.2296875 0.6671875 0.090625 0.18125
0 0.315625 0.6546875 0.08125 0.1375
0 0.365625 0.5390625 0.075 0.18125
0 0.2734375 0.553125 0.1125 0.109375
0 0.28359375 0.4671875 0.1125 0.1
0 0.36640625 0.3953125 0.103125 0.146875
0 0.28359375 0.39375 0.134375 0.1171875
0 0.7484375 0.36953125 0.11875 0.1140625
0 0.73046875 0.30546875 0.13125 0.096875
0 0.821875 0.35 0.0859375 0.115625
0 0.79296875 0.24921875 0.065625 0.1203125
0 0.71640625 0.221875 0.109375 0.090625
0 0.66015625 0.18515625 0.1109375 0.09375
0 0.2625 0.31171875 0.1 0.1125
0 0.30390625 0.23125 0.1 0.134375
0 0.48125 0.1671875 0.1 0.1
0 0.390625 0.26484375 0.128125 0.1