0 0.28828125 0.475 0.059375 0.05625
0 0.4578125 0.46796875 0.059375 0.046875
0 0.40546875 0.465625 0.05625 0.0484375
0 0.40078125 0.59609375 0.05625 0.0515625
0 0.35625 0.62890625 0.06875 0.0375
0 0.421875 0.6359375 0.059375 0.046875
0 0.55546875 0.49921875 0.0703125 0.053125
0 0.52734375 0.54375 0.046875 0.05
0 0.42109375 0.55 0.0671875 0.053125
0 0.45625 0.57734375 0.0421875 0.05
0 0.33046875 0.53515625 0.084375 0.0421875
0 0.29453125 0.57421875 0.0359375 0.040625
0 0.35078125 0.5828125 0.08125 0.05
0 0.3484375 0.4921875 0.08125 0.0484375
0 0.40078125 0.42265625 0.075 0.0375
0 0.53125 0.43046875 0.075 0.04375
0 0.5234375 0.4578125 0.0625 0.03125
0 0.49765625 0.49609375 0.065625 0.05
0 0.4484375 0.50546875 0.05625 0.0640625
0 0.484375 0.54296875 0.0640625 0.053125
0 0.52265625 0.5796875 0.065625 0.0421875
0 0.515625 0.61640625 0.0875 0.028125
0 0.515625 0.65390625 0.0734375 0.04375
0 0.4828125 0.6484375 0.059375 0.053125
0 0.5796875 0.58046875 0.065625 0.053125
0 0.58515625 0.540625 0.0796875 0.05625
0 0.6109375 0.51015625 0.0734375 0.05625