0 0.50703125 0.5375 0.19375 0.140625
0 0.1 0.56640625 0.2 0.1484375
0 0.75 0.66875 0.253125 0.1265625
0 0.803125 0.4828125 0.19375 0.125
0 0.584375 0.30625 0.234375 0.115625
0 0.66171875 0.1 0.24375 0.096875
0 0.17890625 0.23203125 0.171875 0.1359375
0 0.37734375 0.23046875 0.184375 0.1609375
0 0.303125 0.66015625 0.165625 0.115625
0 0.81796875 0.26953125 0.190625 0.134375
0 0.8640625 0.10703125 0.16875 0.14375
0 0.3546875 0.43984375 0.215625 0.09375
0 0.1984375 0.7875 0.175 0.1265625
0 0.5234375 0.66484375 0.184375 0.1609375
0 0.67578125 0.753125 0.2234375 0.1265625