0 0.51171875 0.32890625 0.07421875 0.13203125
0 0.58515625 0.31875 0.07265625 0.1140625
0 0.61328125 0.44140625 0.084375 0.1015625
0 0.64921875 0.71953125 0.07890625 0.13359375
0 0.7609375 0.47578125 0.08671875 0.12109375
0 0.84765625 0.42265625 0.09375 0.13515625
0 0.33359375 0.4984375 0.0828125 0.12734375
0 0.36953125 0.321875 0.0875 0.1375
0 0.37734375 0.72109375 0.10234375 0.109375
0 0.54453125 0.50703125 0.08828125 0.10546875
0 0.58359375 0.103125 0.10234375 0.1
0 0.35859375 0.071875 0.06796875 0.1234375
0 0.665625 0.2875 0.0734375 0.13359375
0 0.81171875 0.67890625 0.0921875 0.1109375
0 0.85078125 0.7890625 0.06875 0.11328125
0 0.521875 0.63984375 0.08359375 0.115625
0 0.60234375 0.834375 0.06640625 0.1421875
0 0.70859375 0.8234375 0.07578125 0.1375
0 0.79609375 0.93984375 0.08515625 0.10859375