0 0.3828125 0.5625 0.29296875 0.209375
0 0.65078125 0.46953125 0.22890625 0.16171875
0 0.84296875 0.60859375 0.2671875 0.1578125
0 0.64296875 0.75859375 0.240625 0.175
0 0.315625 0.734375 0.34296875 0.13359375
0 0.19921875 0.58984375 0.18671875 0.2140625
0 0.290625 0.41875 0.23125 0.20703125
0 0.47734375 0.20703125 0.1765625 0.165625
0 0.75703125 0.146875 0.17265625 0.11640625
0 0.7453125 0.27578125 0.2609375 0.1421875
0 0.6 0.3609375 0.265625 0.1453125
0 0.80390625 0.43125 0.24375 0.1953125
0 0.915625 0.3296875 0.16875 0.171875
0 0.3015625 0.30390625 0.23671875 0.08359375