0 0.52578125 0.56953125 0.0796875 0.078125
0 0.53984375 0.66015625 0.06875 0.08125
0 0.59921875 0.67109375 0.084375 0.1171875
0 0.578125 0.5984375 0.0703125 0.1046875
0 0.57890625 0.52578125 0.0828125 0.0796875
0 0.4328125 0.8921875 0.1 0.0875
0 0.84140625 0.6140625 0.05625 0.13125
0 0.921875 0.50234375 0.071875 0.134375
0 0.903125 0.7484375 0.0625 0.128125
0 0.87421875 0.68125 0.06875 0.08125
0 0.8140625 0.6859375 0.09375 0.1
0 0.95625 0.7578125 0.0875 0.0875
0 0.95859375 0.8296875 0.0828125 0.075
0 0.9390625 0.684375 0.071875 0.0875
0 0.91015625 0.62265625 0.071875 0.096875