0 0.5109375 0.71796875 0.0859375 0.11328125
0 0.4046875 0.7046875 0.078125 0.12421875
0 0.35625 0.31640625 0.07265625 0.11328125
0 0.4375 0.44921875 0.0703125 0.1078125
0 0.309375 0.54921875 0.07890625 0.1171875
0 0.66328125 0.39921875 0.07421875 0.10703125
0 0.7109375 0.546875 0.06484375 0.0984375
0 0.7140625 0.6875 0.075 0.1203125
0 0.5765625 0.65078125 0.07578125 0.10078125
0 0.6 0.7421875 0.08125 0.11328125
0 0.5265625 0.784375 0.07265625 0.11015625
0 0.521875 0.4125 0.07890625 0.1
0 0.57578125 0.4 0.06328125 0.09609375
0 0.29375 0.434375 0.07265625 0.115625