0 0.375 0.50390625 0.08203125 0.14453125
0 0.4046875 0.3109375 0.09296875 0.16796875
0 0.61484375 0.31796875 0.10390625 0.14375
0 0.48671875 0.09609375 0.1 0.14765625
0 0.315625 0.08828125 0.1 0.13125
0 0.30546875 0.26015625 0.09453125 0.1421875
0 0.36171875 0.721875 0.11328125 0.121875
0 0.54375 0.54375 0.103125 0.14765625
0 0.64765625 0.48125 0.08515625 0.14765625
0 0.8046875 0.34453125 0.09140625 0.14765625
0 0.70546875 0.18515625 0.07734375 0.171875
0 0.11484375 0.4984375 0.10546875 0.1234375
0 0.10703125 0.6515625 0.08515625 0.14453125
0 0.303125 0.5765625 0.078125 0.134375
0 0.546875 0.696875 0.09375 0.12109375
0 0.38046875 0.8890625 0.09140625 0.11015625
0 0.68515625 0.70078125 0.1109375 0.1296875
0 0.8359375 0.56328125 0.090625 0.16015625
0 0.83671875 0.8984375 0.10234375 0.1359375
0 0.96015625 0.36796875 0.0796875 0.13828125
0 0.90625 0.21015625 0.08203125 0.11875
0 0.809375 0.06328125 0.10078125 0.1203125