0 0.4 0.4578125 0.1015625 0.1234375
0 0.37890625 0.5578125 0.08125 0.128125
0 0.32265625 0.61640625 0.075 0.128125
0 0.37578125 0.66953125 0.08125 0.1125
0 0.42265625 0.7875 0.08125 0.16875
0 0.30859375 0.82734375 0.096875 0.1609375
0 0.3453125 0.9109375 0.125 0.103125
0 0.525 0.9515625 0.0984375 0.096875
0 0.48828125 0.87578125 0.08125 0.10625
0 0.4125 0.896875 0.071875 0.13125
0 0.28046875 0.696875 0.0640625 0.115625
0 0.23359375 0.78125 0.06875 0.1109375
0 0.2859375 0.94140625 0.065625 0.1171875
0 0.22734375 0.94296875 0.084375 0.1140625