0 0.00703125 0.89765625 0.0140625 0.0515625
0 0.0515625 0.88359375 0.0828125 0.028125
0 0.0609375 0.909375 0.0734375 0.0359375
0 0.0296875 0.85 0.053125 0.046875
0 0.078125 0.84609375 0.05 0.046875
0 0.015625 0.6375 0.03125 0.05
0 0.08828125 0.68359375 0.053125 0.034375
0 0.0796875 0.60625 0.046875 0.0296875
0 0.14453125 0.42265625 0.05625 0.046875
0 0.19375 0.39453125 0.046875 0.0515625
0 0.190625 0.428125 0.053125 0.040625
0 0.62578125 0.48515625 0.0828125 0.0515625
0 0.56171875 0.5140625 0.0734375 0.053125
0 0.15625 0.56640625 0.046875 0.034375
0 0.1796875 0.60703125 0.0609375 0.0375
0 0.22421875 0.628125 0.0734375 0.0703125
0 0.25546875 0.6796875 0.0625 0.040625
0 0.27109375 0.72578125 0.0734375 0.046875
0 0.3375 0.71484375 0.0796875 0.0609375
0 0.42734375 0.6828125 0.071875 0.0421875
0 0.3 0.65390625 0.0296875 0.0390625
0 0.41015625 0.5453125 0.071875 0.0515625
0 0.4640625 0.50546875 0.05625 0.0421875
0 0.1640625 0.56328125 0.06875 0.0390625
0 0.26875 0.45546875 0.0703125 0.059375
0 0.31796875 0.50703125 0.075 0.046875
0 0.37421875 0.42734375 0.04375 0.015625
0 0.36875 0.4578125 0.078125 0.046875
0 0.9828125 0.771875 0.034375 0.05
0 0.99140625 0.78125 0.015625 0.065625