0 0.01640625 0.8375 0.0328125 0.046875
0 0.021875 0.87421875 0.04375 0.0515625
0 0.08125 0.86171875 0.0828125 0.028125
0 0.090625 0.8875 0.0734375 0.034375
0 0.059375 0.82734375 0.053125 0.046875
0 0.1078125 0.8234375 0.05 0.046875
0 0.03046875 0.615625 0.0609375 0.05
0 0.11796875 0.66171875 0.053125 0.0359375
0 0.10859375 0.58359375 0.046875 0.0296875
0 0.17421875 0.4 0.05625 0.046875
0 0.2234375 0.37265625 0.046875 0.0515625
0 0.2203125 0.40625 0.053125 0.040625
0 0.6546875 0.46328125 0.0828125 0.0515625
0 0.59140625 0.49140625 0.0734375 0.053125
0 0.18515625 0.54453125 0.046875 0.034375
0 0.209375 0.58515625 0.0609375 0.0375
0 0.25390625 0.60625 0.0734375 0.0703125
0 0.28515625 0.6578125 0.0625 0.040625
0 0.30078125 0.70390625 0.0734375 0.046875
0 0.3671875 0.69296875 0.0796875 0.0609375
0 0.45703125 0.66015625 0.071875 0.0421875
0 0.3296875 0.63203125 0.0296875 0.0390625
0 0.43984375 0.5234375 0.071875 0.0515625
0 0.49375 0.48359375 0.05625 0.0421875
0 0.19375 0.54140625 0.06875 0.0390625
0 0.29765625 0.43359375 0.0703125 0.059375
0 0.34765625 0.48515625 0.075 0.046875
0 0.40390625 0.4046875 0.04375 0.015625
0 0.3984375 0.43515625 0.078125 0.046875