0 0.37578125 0.36796875 0.075 0.0609375
0 0.41171875 0.4171875 0.075 0.08125
0 0.61953125 0.37421875 0.04453125 0.06953125
0 0.6609375 0.33359375 0.071875 0.05703125
0 0.50390625 0.48828125 0.084375 0.07421875
0 0.68125 0.52890625 0.06015625 0.08125
0 0.6203125 0.5546875 0.0796875 0.0890625
0 0.56484375 0.61484375 0.07734375 0.08359375
0 0.665625 0.6890625 0.0546875 0.0828125
0 0.77890625 0.73359375 0.05546875 0.09140625
0 0.596875 0.6546875 0.06015625 0.0453125
0 0.61015625 0.72890625 0.06640625 0.07109375
0 0.64296875 0.7484375 0.053125 0.06953125