0 0.6640625 0.64453125 0.528125 0.7109375
0 0.66328125 0.01328125 0.0265625 0.0265625
0 0.71171875 0.01171875 0.028125 0.0234375
0 0.67265625 0.046875 0.025 0.046875
0 0.68984375 0.01875 0.0203125 0.0375
0 0.67734375 0.08828125 0.028125 0.0375
0 0.7046875 0.10703125 0.025 0.04375
0 0.73359375 0.0328125 0.028125 0.046875
0 0.7578125 0.0609375 0.028125 0.04375
0 0.75703125 0.10703125 0.028125 0.046875
0 0.78359375 0.08203125 0.03125 0.05
0 0.78203125 0.1328125 0.03125 0.04375
0 0.8046875 0.1609375 0.028125 0.04375
0 0.8328125 0.1859375 0.01875 0.040625
0 0.1328125 0.4578125 0.034375 0.04375
0 0.15546875 0.48671875 0.025 0.040625
0 0.1203125 0.7 0.034375 0.05625
0 0.1125 0.6359375 0.0375 0.05
0 0.27734375 0.73984375 0.034375 0.04375
0 0.26640625 0.78671875 0.0375 0.065625
0 0.27890625 0.8390625 0.0234375 0.053125
0 0.21796875 0.92109375 0.053125 0.06875
0 0.3015625 0.73515625 0.034375 0.053125
0 0.34609375 0.73671875 0.025 0.0375