0 0.58125 0.41953125 0.4515625 0.509375
0 0.375 0.5140625 0.24375 0.31875
0 0.528125 0.5078125 0.571875 0.31875
0 0.53203125 0.3125 0.5375 0.234375
0 0.68125 0.4421875 0.2515625 0.49375
0 0.39609375 0.4609375 0.303125 0.4
0 0.478125 0.5109375 0.121875 0.2015625
0 0.41171875 0.49921875 0.121875 0.19375
0 0.5953125 0.5125 0.1390625 0.1890625
0 0.60703125 0.6578125 0.1234375 0.1
0 0.48359375 0.6671875 0.13125 0.1109375
0 0.371875 0.6203125 0.115625 0.14375
0 0.33125 0.56171875 0.0875 0.1859375
0 0.2921875 0.4640625 0.08125 0.115625
0 0.35859375 0.39921875 0.109375 0.15
0 0.36171875 0.3109375 0.078125 0.121875
0 0.4203125 0.25546875 0.1078125 0.171875
0 0.51484375 0.2296875 0.121875 0.196875
0 0.62734375 0.2703125 0.15 0.15625
0 0.75625 0.346875 0.096875 0.171875
0 0.7109375 0.6 0.096875 0.134375
0 0.68984375 0.425 0.0875 0.1546875
0 0.7578125 0.53125 0.0875 0.15