0 0.1921875 0.890625 0.1125 0.096875
0 0.27578125 0.81875 0.13125 0.1046875
0 0.38671875 0.74765625 0.096875 0.1125
0 0.38203125 0.6421875 0.103125 0.14375
0 0.3359375 0.5 0.103125 0.09375
0 0.3359375 0.60703125 0.084375 0.10625
0 0.45234375 0.34609375 0.13125 0.075
0 0.44453125 0.4171875 0.121875 0.096875
0 0.4734375 0.61171875 0.09375 0.109375
0 0.5 0.4859375 0.125 0.121875
0 0.59609375 0.61640625 0.13125 0.09375
0 0.628125 0.5875 0.125 0.103125
0 0.60234375 0.6640625 0.096875 0.0515625
0 0.6921875 0.50625 0.121875 0.128125
0 0.7015625 0.40625 0.10625 0.08125
0 0.76484375 0.27890625 0.10625 0.09375
0 0.7734375 0.1828125 0.078125 0.065625
0 0.6796875 0.0859375 0.10625 0.10625
0 0.61875 0.16875 0.10625 0.121875
0 0.55859375 0.0859375 0.05 0.0609375
0 0.58984375 0.3140625 0.103125 0.10625
0 0.57578125 0.4765625 0.115625 0.153125
0 0.58359375 0.40078125 0.134375 0.115625