0 0.97578125 0.31015625 0.0484375 0.121875
0 0.84296875 0.51015625 0.0984375 0.140625
0 0.99140625 0.8046875 0.0171875 0.1125
0 0.82890625 0.72734375 0.10625 0.1578125
0 0.7703125 0.6453125 0.09375 0.1203125
0 0.67734375 0.5828125 0.1 0.18125
0 0.6390625 0.65703125 0.109375 0.190625
0 0.56328125 0.575 0.125 0.19375
0 0.63203125 0.765625 0.084375 0.075
0 0.6296875 0.85859375 0.08125 0.11875
0 0.55390625 0.871875 0.059375 0.0875
0 0.60234375 0.9546875 0.0984375 0.090625
0 0.50859375 0.94921875 0.0984375 0.1015625