0 0.43125 0.490625 0.453125 0.325
0 0.7234375 0.16875 0.346875 0.240625
0 0.2296875 0.15703125 0.4140625 0.275
0 0.71953125 0.828125 0.4796875 0.3125
0 0.0609375 0.71875 0.121875 0.403125
0 0.18828125 0.86328125 0.3765625 0.2734375
0 0.48046875 0.6375 0.290625 0.13125
0 0.41171875 0.5234375 0.571875 0.1765625
0 0.8625 0.609375 0.275 0.1375
0 0.82109375 0.79609375 0.35625 0.265625
0 0.88671875 0.4 0.2265625 0.15625
0 0.1203125 0.346875 0.240625 0.165625
0 0.246875 0.85625 0.246875 0.259375
0 0.61171875 0.93046875 0.2859375 0.1390625
0 0.471875 0.86328125 0.128125 0.084375
0 0.5671875 0.8140625 0.1234375 0.103125
0 0.86796875 0.75625 0.24375 0.34375
0 0.78125 0.3375 0.2140625 0.1875
0 0.93125 0.20078125 0.1375 0.2890625
0 0.34453125 0.05390625 0.24375 0.1078125