0 0.26328125 0.07578125 0.175 0.1515625
0 0.0671875 0.48828125 0.0375 0.1015625
0 0.03125 0.61640625 0.053125 0.075
0 0.19375 0.5390625 0.034375 0.0796875
0 0.1984375 0.42734375 0.0421875 0.14375
0 0.39296875 0.7703125 0.0375 0.05625
0 0.4375 0.79609375 0.0328125 0.0921875
0 0.46015625 0.7234375 0.0484375 0.071875
0 0.4875 0.64375 0.05 0.0875
0 0.64609375 0.4203125 0.0984375 0.3296875
0 0.79765625 0.7953125 0.196875 0.409375
0 0.88125 0.284375 0.078125 0.1546875
0 0.69609375 0.52734375 0.040625 0.1203125
0 0.60078125 0.63515625 0.0453125 0.1359375
0 0.746875 0.55078125 0.0234375 0.0890625
0 0.33671875 0.3828125 0.1703125 0.390625
0 0.45078125 0.4109375 0.1046875 0.359375