0 0.45859375 0.50703125 0.5734375 0.9859375
0 0.428125 0.48671875 0.26875 0.246875
0 0.609375 0.3640625 0.225 0.271875
0 0.5703125 0.62734375 0.340625 0.3140625
0 0.478125 0.79765625 0.2796875 0.4046875
0 0.48671875 0.18515625 0.378125 0.3359375
0 0.25859375 0.44609375 0.1625 0.2390625
0 0.32109375 0.64765625 0.2078125 0.23125
0 0.3671875 0.775 0.1453125 0.1296875
0 0.61875 0.83203125 0.2125 0.2125
0 0.64609375 0.61640625 0.2078125 0.215625
0 0.5890625 0.19765625 0.2078125 0.2015625
0 0.4921875 0.10859375 0.184375 0.1859375
0 0.4453125 0.28125 0.190625 0.15625
0 0.38125 0.1734375 0.140625 0.153125