0 0.12265625 0.16015625 0.2453125 0.2125
0 0.0796875 0.646875 0.159375 0.70625
0 0.1875 0.8984375 0.084375 0.203125
0 0.0984375 0.18671875 0.196875 0.346875
0 0.9234375 0.85078125 0.153125 0.2984375
0 0.8546875 0.9390625 0.0796875 0.121875
0 0.7984375 0.98359375 0.0609375 0.0328125
0 0.8453125 0.05390625 0.0515625 0.103125
0 0.540625 0.5125 0.2 0.975
0 0.690625 0.5421875 0.2453125 0.509375
0 0.68046875 0.209375 0.1421875 0.121875
0 0.39296875 0.46875 0.0953125 0.778125
0 0.31953125 0.54921875 0.0609375 0.65625
0 0.27265625 0.49296875 0.05 0.3125
0 0.43828125 0.86796875 0.071875 0.2078125
0 0.4296875 0.12578125 0.075 0.1609375