0 0.2125 0.34296875 0.1296875 0.0921875
0 0.20390625 0.46640625 0.1375 0.1171875
0 0.17109375 0.70390625 0.096875 0.0796875
0 0.25625 0.6625 0.109375 0.096875
0 0.378125 0.73125 0.19375 0.1484375
0 0.365625 0.84609375 0.0921875 0.0875
0 0.48828125 0.38046875 0.1671875 0.125
0 0.39453125 0.3359375 0.1328125 0.146875
0 0.4875 0.50546875 0.15 0.140625
0 0.56484375 0.54296875 0.1125 0.103125
0 0.65078125 0.44375 0.1984375 0.1578125
0 0.79921875 0.33984375 0.1125 0.1375
0 0.78359375 0.2171875 0.096875 0.14375
0 0.94609375 0.0078125 0.0734375 0.015625
0 0.709375 0.546875 0.109375 0.128125
0 0.81796875 0.59140625 0.1578125 0.1296875
0 0.63828125 0.69921875 0.0734375 0.090625
0 0.72265625 0.68359375 0.1375 0.15