0 0.08828125 0.71953125 0.14375 0.134375
0 0.20625 0.6625 0.1515625 0.1125
0 0.1375 0.39140625 0.2 0.1765625
0 0.14296875 0.2203125 0.203125 0.1390625
0 0.92578125 0.06953125 0.1375 0.1390625
0 0.9328125 0.22265625 0.134375 0.1875
0 0.93671875 0.56015625 0.1265625 0.1734375
0 0.73046875 0.7015625 0.121875 0.1375
0 0.35625 0.9046875 0.1359375 0.1109375
0 0.36640625 0.75390625 0.28125 0.21875
0 0.8421875 0.68125 0.1890625 0.221875
0 0.8265625 0.50078125 0.15 0.1765625
0 0.74765625 0.36171875 0.24375 0.19375
0 0.1421875 0.7953125 0.0859375 0.1015625
0 0.63828125 0.45859375 0.14375 0.2109375
0 0.51796875 0.45625 0.21875 0.1984375
0 0.52421875 0.27109375 0.25 0.1984375
0 0.3890625 0.22578125 0.184375 0.2109375