0 0.06484375 0.75078125 0.1296875 0.1796875
0 0.4765625 0.9515625 0.1046875 0.0390625
0 0.6078125 0.98046875 0.078125 0.0390625
0 0.52890625 0.821875 0.08125 0.034375
0 0.4140625 0.81640625 0.146875 0.04375
0 0.7671875 0.61640625 0.0578125 0.0375
0 0.79375 0.57109375 0.09375 0.034375
0 0.71875 0.54765625 0.075 0.05
0 0.63671875 0.51953125 0.090625 0.0515625
0 0.40703125 0.35625 0.3390625 0.1015625
0 0.790625 0.20078125 0.41875 0.203125
0 0.2671875 0.1140625 0.159375 0.08125
0 0.5171875 0.3046875 0.1234375 0.0421875
0 0.628125 0.40234375 0.140625 0.046875
0 0.540625 0.25234375 0.090625 0.025
0 0.36796875 0.67421875 0.4015625 0.175
0 0.396875 0.55703125 0.36875 0.1078125