0 0.06953125 0.16484375 0.1390625 0.228125
0 0.0234375 0.65390625 0.046875 0.690625
0 0.0765625 0.92421875 0.090625 0.1515625
0 0.04375 0.19296875 0.0875 0.371875
0 0.89296875 0.8734375 0.2140625 0.253125
0 0.79296875 0.96796875 0.0859375 0.0640625
0 0.7828125 0.053125 0.05625 0.10625
0 0.45703125 0.51015625 0.215625 0.9796875
0 0.6171875 0.575 0.2640625 0.5484375
0 0.60703125 0.2171875 0.153125 0.13125
0 0.29765625 0.49609375 0.103125 0.8375
0 0.21875 0.5828125 0.065625 0.7046875
0 0.16796875 0.52265625 0.053125 0.3375
0 0.346875 0.90625 0.0765625 0.1875
0 0.3375 0.12734375 0.08125 0.171875