0 0.18359375 0.7953125 0.1 0.1625
0 0.19375 0.61484375 0.103125 0.165625
0 0.17265625 0.4765625 0.096875 0.1125
0 0.2796875 0.94140625 0.11875 0.1171875
0 0.140625 0.97734375 0.090625 0.0453125
0 0.02578125 0.92265625 0.05 0.1546875
0 0.19296875 0.1453125 0.09375 0.125
0 0.44765625 0.03046875 0.1 0.0609375
0 0.5078125 0.11171875 0.115625 0.196875
0 0.53671875 0.36640625 0.11875 0.146875
0 0.64453125 0.27734375 0.096875 0.1515625
0 0.69765625 0.79296875 0.096875 0.121875
0 0.825 0.77265625 0.125 0.1484375
0 0.8203125 0.6640625 0.109375 0.13125