0 0.40078125 0.4359375 0.50625 0.45
0 0.49453125 0.6421875 0.31875 0.24375
0 0.4890625 0.48984375 0.31875 0.56875
0 0.29375 0.48515625 0.234375 0.534375
0 0.42265625 0.33671875 0.49375 0.25
0 0.4421875 0.62109375 0.4 0.3
0 0.4921875 0.5390625 0.2 0.121875
0 0.48046875 0.60546875 0.1921875 0.121875
0 0.49296875 0.421875 0.1875 0.1375
0 0.63828125 0.4109375 0.1 0.121875
0 0.64765625 0.53359375 0.1109375 0.13125
0 0.6015625 0.6453125 0.14375 0.1140625
0 0.5421875 0.68515625 0.184375 0.0875
0 0.4453125 0.72421875 0.1140625 0.08125
0 0.38046875 0.65859375 0.1484375 0.109375
0 0.2921875 0.6546875 0.121875 0.078125
0 0.23671875 0.596875 0.171875 0.10625
0 0.21171875 0.50234375 0.1953125 0.121875
0 0.2515625 0.38984375 0.15625 0.15
0 0.32890625 0.2625 0.171875 0.096875
0 0.58046875 0.30703125 0.134375 0.096875
0 0.40625 0.328125 0.153125 0.0875
0 0.5125 0.26015625 0.1484375 0.0875