0 0.4859375 0.97578125 0.11875 0.0484375
0 0.56328125 0.98828125 0.1328125 0.0234375
0 0.52890625 0.915625 0.15 0.096875
0 0.63046875 0.8625 0.1328125 0.08125
0 0.7421875 0.83359375 0.153125 0.096875
0 0.903125 0.81328125 0.19375 0.1640625
0 0.9765625 0.815625 0.046875 0.1171875
0 0.89453125 0.55 0.2109375 0.1265625
0 0.91171875 0.371875 0.175 0.11875
0 0.86484375 0.4203125 0.228125 0.1
0 0.7671875 0.25703125 0.2125 0.1125
0 0.7328125 0.2 0.1609375 0.0875
0 0.28515625 0.51484375 0.409375 0.6078125
0 0.50078125 0.090625 0.134375 0.078125
0 0.4546875 0.02265625 0.1046875 0.04375
0 0.4484375 0.13125 0.11875 0.065625
0 0.43671875 0.06875 0.090625 0.0484375
0 0.94296875 0.93828125 0.1140625 0.1234375