0 0.265625 0.06015625 0.1984375 0.1203125
0 0.04453125 0.50234375 0.0421875 0.115625
0 0.0171875 0.646875 0.034375 0.084375
0 0.18828125 0.56015625 0.0390625 0.090625
0 0.19296875 0.43359375 0.046875 0.1625
0 0.4140625 0.82265625 0.0421875 0.0640625
0 0.46484375 0.8515625 0.0375 0.1046875
0 0.490625 0.76953125 0.0546875 0.08125
0 0.52109375 0.67890625 0.05625 0.1
0 0.7015625 0.42578125 0.1125 0.375
0 0.87265625 0.809375 0.2234375 0.38125
0 0.96171875 0.2703125 0.0765625 0.175
0 0.7578125 0.546875 0.046875 0.1375
0 0.65 0.66953125 0.0515625 0.153125
0 0.815625 0.5734375 0.0265625 0.1
0 0.35 0.3828125 0.19375 0.44375
0 0.4796875 0.41484375 0.11875 0.4078125