0 0.19140625 0.81953125 0.103125 0.1640625
0 0.20234375 0.63671875 0.10625 0.16875
0 0.18046875 0.49609375 0.096875 0.1125
0 0.2890625 0.9546875 0.1203125 0.090625
0 0.146875 0.99140625 0.090625 0.0171875
0 0.028125 0.93515625 0.05625 0.1296875
0 0.2015625 0.159375 0.096875 0.1265625
0 0.459375 0.03671875 0.1 0.0734375
0 0.52109375 0.125 0.1171875 0.2
0 0.55 0.38359375 0.1203125 0.15
0 0.66015625 0.29296875 0.096875 0.153125
0 0.71328125 0.8171875 0.1 0.1234375
0 0.84296875 0.79609375 0.1265625 0.1515625
0 0.83828125 0.6859375 0.109375 0.1328125