0 0.28203125 0.11640625 0.1375 0.1484375
0 0.340625 0.2375 0.115625 0.15625
0 0.61875 0.16640625 0.18125 0.20625
0 0.79375 0.171875 0.14375 0.209375
0 0.93828125 0.95234375 0.121875 0.0953125
0 0.7921875 0.95703125 0.1921875 0.0859375
0 0.4453125 0.96015625 0.178125 0.0796875
0 0.3 0.775 0.140625 0.125
0 0.0921875 0.39140625 0.1125 0.1390625
0 0.246875 0.40078125 0.225 0.2875
0 0.32109375 0.8890625 0.228125 0.19375
0 0.50625 0.8734375 0.18125 0.153125
0 0.64921875 0.7921875 0.2 0.25
0 0.20390625 0.17109375 0.1046875 0.0875
0 0.54921875 0.68046875 0.215625 0.1484375
0 0.55234375 0.55703125 0.203125 0.225
0 0.74140625 0.56328125 0.203125 0.25625
0 0.78828125 0.425 0.215625 0.1875