0 0.86328125 0.57890625 0.0703125 0.05625
0 0.90703125 0.640625 0.075 0.053125
0 0.965625 0.67734375 0.06875 0.04375
0 0.9125 0.34140625 0.096875 0.065625
0 0.521875 0.321875 0.08125 0.04375
0 0.29140625 0.21796875 0.0703125 0.0625
0 0.35703125 0.115625 0.0625 0.053125
0 0.403125 0.13828125 0.09375 0.05
0 0.10546875 0.2234375 0.05625 0.0375
0 0.02734375 0.27109375 0.053125 0.0421875
0 0.0515625 0.2328125 0.053125 0.0578125
0 0.48359375 0.3671875 0.059375 0.05
0 0.55 0.36484375 0.06875 0.0578125
0 0.53828125 0.41171875 0.046875 0.053125
0 0.61328125 0.36640625 0.109375 0.065625
0 0.60078125 0.42421875 0.0875 0.065625
0 0.6484375 0.40859375 0.084375 0.0703125
0 0.69609375 0.38828125 0.0890625 0.06875
0 0.76015625 0.38046875 0.075 0.0625
0 0.325 0.26953125 0.096875 0.06875
0 0.37265625 0.20390625 0.08125 0.059375
0 0.43671875 0.2046875 0.071875 0.06875
0 0.4984375 0.22265625 0.1 0.065625
0 0.56015625 0.2109375 0.10625 0.065625
0 0.63515625 0.22890625 0.0734375 0.0375
0 0.6484375 0.28203125 0.1125 0.046875
0 0.690625 0.23515625 0.0703125 0.059375
0 0.84296875 0.18125 0.059375 0.034375
0 0.85390625 0.11796875 0.059375 0.0453125
0 0.7515625 0.3171875 0.04375 0.0265625
0 0.81640625 0.30078125 0.0625 0.034375
0 0.840625 0.32265625 0.05 0.040625
0 0.85 0.39140625 0.03125 0.05
0 0.98828125 0.46796875 0.021875 0.08125
0 0.20546875 0.528125 0.065625 0.04375
0 0.27265625 0.52265625 0.05 0.040625
0 0.34609375 0.47578125 0.053125 0.046875
0 0.25234375 0.4703125 0.090625 0.0578125
0 0.32578125 0.0796875 0.0609375 0.0421875
0 0.38671875 0.04375 0.065625 0.0421875
0 0.484375 0.034375 0.125 0.05
0 0.41328125 0.00703125 0.05 0.0140625
0 0.64921875 0.00546875 0.0609375 0.009375
0 0.57578125 0.06875 0.05625 0.08125