0 0.6125 0.2125 0.1 0.1421875
0 0.478125 0.203125 0.128125 0.15
0 0.21875 0.1671875 0.0875 0.10625
0 0.2640625 0.2609375 0.1046875 0.11875
0 0.1890625 0.39375 0.1625 0.2109375
0 0.0640625 0.3796875 0.096875 0.1
0 0.571875 0.5140625 0.1375 0.1828125
0 0.6203125 0.41171875 0.159375 0.1453125
0 0.43515625 0.51328125 0.153125 0.1625
0 0.39453125 0.59765625 0.1125 0.121875
0 0.50234375 0.69140625 0.171875 0.215625
0 0.61640625 0.85390625 0.15 0.125
0 0.75 0.8359375 0.1578125 0.10625
0 0.38984375 0.75546875 0.140625 0.1203125
0 0.34140625 0.87421875 0.1421875 0.171875
0 0.22421875 0.67734375 0.1 0.0796875
0 0.24140625 0.76953125 0.165625 0.15