0 0.178125 0.8453125 0.1046875 0.16875
0 0.1890625 0.65703125 0.109375 0.1734375
0 0.16640625 0.5125 0.1 0.115625
0 0.278125 0.96796875 0.1234375 0.0640625
0 0.0203125 0.9484375 0.040625 0.103125
0 0.18828125 0.16640625 0.0984375 0.1296875
0 0.453125 0.0390625 0.103125 0.078125
0 0.51640625 0.13203125 0.1203125 0.2046875
0 0.546875 0.39765625 0.1234375 0.153125
0 0.659375 0.30390625 0.1 0.159375
0 0.7140625 0.8421875 0.1015625 0.1265625
0 0.84765625 0.82109375 0.1296875 0.1546875
0 0.8421875 0.7078125 0.1125 0.1375