0 0.04453125 0.359375 0.084375 0.0484375
0 0.18671875 0.47421875 0.06875 0.0484375
0 0.49296875 0.4984375 0.0828125 0.05
0 0.55078125 0.4390625 0.0515625 0.034375
0 0.6125 0.4828125 0.1 0.0375
0 0.60390625 0.3265625 0.0921875 0.059375
0 0.42578125 0.2671875 0.065625 0.046875
0 0.38515625 0.37890625 0.059375 0.0359375
0 0.3828125 0.340625 0.0515625 0.0359375
0 0.390625 0.24921875 0.0765625 0.059375
0 0.36015625 0.21171875 0.0765625 0.06875
0 0.74765625 0.6453125 0.1109375 0.0625
0 0.03359375 0.05390625 0.0671875 0.0609375
0 0.053125 0.10625 0.08125 0.046875
0 0.10390625 0.12734375 0.0796875 0.05625
0 0.15 0.07578125 0.0875 0.040625
0 0.196875 0.04296875 0.0828125 0.0453125
0 0.27265625 0.0328125 0.0703125 0.0390625
0 0.0546875 0.0203125 0.06875 0.0390625
0 0.090625 0.065625 0.06875 0.0453125
0 0.11953125 0.02421875 0.0765625 0.0484375
0 0.18828125 0.0203125 0.0828125 0.040625