0 0.190625 0.890625 0.1125 0.096875
0 0.27421875 0.81875 0.13125 0.1046875
0 0.38515625 0.74765625 0.096875 0.1125
0 0.38046875 0.6421875 0.103125 0.14375
0 0.334375 0.5 0.103125 0.09375
0 0.334375 0.60703125 0.084375 0.10625
0 0.45078125 0.34609375 0.13125 0.075
0 0.44296875 0.4171875 0.121875 0.096875
0 0.471875 0.61171875 0.09375 0.109375
0 0.4984375 0.4859375 0.125 0.121875
0 0.59453125 0.61640625 0.13125 0.09375
0 0.6265625 0.5875 0.125 0.103125
0 0.60078125 0.6640625 0.096875 0.0515625
0 0.690625 0.50625 0.121875 0.128125
0 0.7 0.40625 0.10625 0.08125
0 0.76328125 0.27890625 0.10625 0.09375
0 0.771875 0.1828125 0.078125 0.065625
0 0.678125 0.0859375 0.10625 0.10625
0 0.6171875 0.16875 0.10625 0.121875
0 0.55703125 0.0859375 0.05 0.0609375
0 0.58828125 0.3140625 0.103125 0.10625
0 0.57421875 0.4765625 0.115625 0.153125
0 0.58203125 0.40078125 0.134375 0.115625