0 0.37265625 0.62890625 0.0625 0.075
0 0.42265625 0.5921875 0.08125 0.075
0 0.37890625 0.38203125 0.071875 0.04375
0 0.3375 0.33984375 0.05625 0.071875
0 0.49453125 0.49921875 0.075 0.084375
0 0.5359375 0.31953125 0.08125 0.059375
0 0.56171875 0.38125 0.090625 0.08125
0 0.62265625 0.4375 0.084375 0.078125
0 0.69765625 0.33515625 0.084375 0.05625
0 0.74296875 0.22109375 0.090625 0.05625
0 0.66328125 0.4046875 0.046875 0.059375
0 0.73828125 0.39140625 0.071875 0.06875
0 0.7578125 0.35859375 0.071875 0.053125