0 0.203125 0.1875 0.1578125 0.0984375
0 0.3796875 0.19765625 0.1625 0.1015625
0 0.51484375 0.1765625 0.109375 0.09375
0 0.05859375 0.28203125 0.1171875 0.115625
0 0.0234375 0.1453125 0.046875 0.0875
0 0.07734375 0.02890625 0.1546875 0.0578125
0 0.8390625 0.196875 0.121875 0.0921875
0 0.9609375 0.44609375 0.078125 0.096875
0 0.871875 0.5046875 0.1921875 0.1125
0 0.62265625 0.5328125 0.14375 0.115625
0 0.71015625 0.63828125 0.1484375 0.09375
0 0.20546875 0.68984375 0.11875 0.0953125
0 0.22578125 0.81484375 0.1453125 0.121875
0 0.33203125 0.81015625 0.128125 0.10625