0 0.98515625 0.303125 0.0296875 0.04375
0 0.80546875 0.025 0.0328125 0.05
0 0.52890625 0.20234375 0.03125 0.05
0 0.59375 0.54765625 0.03046875 0.0453125
0 0.51171875 0.2640625 0.02265625 0.034375
0 0.70703125 0.4703125 0.03125 0.04375
0 0.62265625 0.42265625 0.03046875 0.04296875
0 0.64140625 0.4546875 0.025 0.03515625
0 0.5546875 0.23984375 0.0328125 0.053125
0 0.51328125 0.3390625 0.0328125 0.0453125
0 0.98203125 0.21875 0.03515625 0.05234375
0 0.92421875 0.46953125 0.03046875 0.0390625
0 0.65234375 0.36640625 0.02734375 0.03671875
0 0.6765625 0.4046875 0.028125 0.0375