0 0.45625 0.3234375 0.025 0.03125
0 0.3046875 0.6703125 0.03515625 0.0453125
0 0.09453125 0.8734375 0.02890625 0.0375
0 0.075 0.70625 0.040625 0.05390625
0 0.284375 0.56484375 0.04921875 0.0671875
0 0.14765625 0.23828125 0.01953125 0.02578125
0 0.475 0.2890625 0.03359375 0.04453125
0 0.30078125 0.41953125 0.05625 0.06171875
0 0.20546875 0.4203125 0.025 0.03203125
0 0.11484375 0.30546875 0.0265625 0.03046875
0 0.1109375 0.7359375 0.03359375 0.046875
0 0.04296875 0.503125 0.03125 0.0359375
0 0.4796875 0.3390625 0.03359375 0.04921875
0 0.06796875 0.27421875 0.02734375 0.03046875
0 0.14375 0.75234375 0.03046875 0.0390625