0 0.22109375 0.80390625 0.05546875 0.05
0 0.22109375 0.7671875 0.03984375 0.034375
0 0.253125 0.8578125 0.04375 0.05625
0 0.2625 0.9015625 0.059375 0.071875
0 0.303125 0.753125 0.04296875 0.04296875
0 0.2640625 0.740625 0.03984375 0.03984375
0 0.29765625 0.64375 0.03515625 0.03203125
0 0.2984375 0.6140625 0.03984375 0.0359375
0 0.1171875 0.43046875 0.03125 0.02734375
0 0.1796875 0.8484375 0.04296875 0.0390625
0 0.184375 0.3515625 0.034375 0.025
0 0.18046875 0.40546875 0.0234375 0.01953125
0 0.17421875 0.425 0.03203125 0.0296875
0 0.1515625 0.4484375 0.0390625 0.02734375
0 0.0109375 0.5359375 0.021875 0.03125
0 0.05390625 0.5046875 0.025 0.034375
0 0.06953125 0.48359375 0.028125 0.0296875
0 0.07421875 0.5140625 0.0296875 0.0234375
0 0.09453125 0.490625 0.03046875 0.03515625
0 0.1390625 0.48125 0.03203125 0.0265625
0 0.14375 0.4609375 0.0296875 0.0328125
0 0.21796875 0.36640625 0.034375 0.0203125
0 0.23046875 0.34453125 0.0171875 0.02265625
0 0.25 0.35234375 0.021875 0.01953125
0 0.26171875 0.3640625 0.03515625 0.0328125
0 0.35234375 0.3328125 0.03203125 0.02421875
0 0.1078125 0.3734375 0.0203125 0.0203125
0 0.259375 0.56328125 0.0296875 0.03046875
0 0.3734375 0.46015625 0.034375 0.03515625
0 0.31328125 0.425 0.02421875 0.01953125
0 0.3140625 0.40546875 0.0265625 0.02265625
0 0.30625 0.4421875 0.0203125 0.01875
0 0.51640625 0.0828125 0.0453125 0.046875
0 0.584375 0.103125 0.0328125 0.03203125
0 0.65078125 0.10390625 0.028125 0.03203125
0 0.6609375 0.11796875 0.0421875 0.0484375
0 0.64140625 0.20234375 0.028125 0.02421875
0 0.61328125 0.21875 0.03515625 0.0390625
0 0.5125 0.3296875 0.0265625 0.03515625
0 0.4890625 0.3265625 0.02734375 0.03203125
0 0.3953125 0.23125 0.0296875 0.0375
0 0.4140625 0.209375 0.025 0.02734375
0 0.453125 0.2078125 0.0234375 0.02734375
0 0.36875 0.2390625 0.03046875 0.028125
0 0.4140625 0.240625 0.01953125 0.02265625
0 0.4578125 0.384375 0.028125 0.025
0 0.4640625 0.4359375 0.03515625 0.0234375
0 0.4109375 0.440625 0.04296875 0.03515625
0 0.57421875 0.4265625 0.0375 0.0328125
0 0.4953125 0.43046875 0.0265625 0.0234375
0 0.67109375 0.271875 0.0421875 0.0359375
0 0.65078125 0.23359375 0.0359375 0.034375
0 0.7390625 0.29765625 0.040625 0.0328125
0 0.70234375 0.23515625 0.03203125 0.034375
0 0.74453125 0.21796875 0.03203125 0.0296875
0 0.740625 0.17421875 0.040625 0.0359375
0 0.809375 0.26875 0.040625 0.0453125
0 0.771875 0.1453125 0.0421875 0.04609375
0 0.8265625 0.15 0.05 0.04609375
0 0.8546875 0.3234375 0.0234375 0.01875
0 0.85234375 0.35234375 0.03125 0.028125
0 0.9546875 0.27734375 0.04296875 0.040625
0 0.846875 0.425 0.028125 0.03203125
0 0.84453125 0.3921875 0.028125 0.0453125
0 0.75234375 0.4390625 0.02421875 0.03125
0 0.78046875 0.44765625 0.0265625 0.028125
0 0.8328125 0.4828125 0.03046875 0.03203125
0 0.7625 0.50703125 0.03515625 0.0359375
0 0.79375 0.5140625 0.0359375 0.034375
0 0.68984375 0.4859375 0.03828125 0.0390625
0 0.6546875 0.37734375 0.02265625 0.0203125
0 0.646875 0.4015625 0.0265625 0.0265625
0 0.6234375 0.390625 0.03984375 0.03515625
0 0.5578125 0.38828125 0.025 0.02421875
0 0.6890625 0.56328125 0.03125 0.02421875
0 0.71875 0.5546875 0.021875 0.01953125
0 0.728125 0.59921875 0.02265625 0.02421875
0 0.8984375 0.578125 0.03125 0.02734375
0 0.86640625 0.6125 0.03203125 0.021875
0 0.8421875 0.68203125 0.028125 0.02421875
0 0.915625 0.69375 0.028125 0.0234375
0 0.92890625 0.675 0.0359375 0.034375
0 0.6796875 0.67109375 0.03125 0.03125
0 0.65 0.66484375 0.0265625 0.028125
0 0.90703125 0.62734375 0.01953125 0.02265625
0 0.79765625 0.8078125 0.04375 0.0453125
0 0.7203125 0.74140625 0.0359375 0.0359375
0 0.71953125 0.70078125 0.034375 0.0359375
0 0.66328125 0.69453125 0.03046875 0.034375
0 0.58359375 0.66796875 0.03203125 0.0328125
0 0.590625 0.634375 0.021875 0.0171875
0 0.5734375 0.75703125 0.0234375 0.02265625
0 0.5953125 0.76796875 0.03046875 0.03046875
0 0.5390625 0.79453125 0.0390625 0.03828125
0 0.67578125 0.9515625 0.0328125 0.0359375
0 0.640625 0.9203125 0.04296875 0.03984375
0 0.5921875 0.88046875 0.028125 0.03046875
0 0.5859375 0.925 0.0234375 0.02265625
0 0.5640625 0.9234375 0.0171875 0.01953125
0 0.56484375 0.89921875 0.02421875 0.02734375
0 0.48203125 0.8546875 0.0359375 0.03515625
0 0.48125 0.6859375 0.03125 0.02421875
0 0.47578125 0.665625 0.03203125 0.0265625
0 0.365625 0.8078125 0.03125 0.02734375
0 0.3890625 0.840625 0.04296875 0.03203125
0 0.22734375 0.9390625 0.0234375 0.021875
0 0.409375 0.5484375 0.025 0.01640625
0 0.4140625 0.53671875 0.025 0.0203125
0 0.365625 0.5140625 0.02734375 0.028125
0 0.4984375 0.50234375 0.02421875 0.0265625
0 0.52265625 0.57890625 0.025 0.0234375
0 0.50078125 0.8078125 0.02421875 0.021875
0 0.4953125 0.8359375 0.0203125 0.015625
0 0.5109375 0.825 0.021875 0.0234375
0 0.5359375 0.8265625 0.025 0.0265625
0 0.628125 0.30390625 0.02421875 0.0265625
0 0.85234375 0.63671875 0.02265625 0.0234375
0 0.44609375 0.978125 0.02421875 0.02734375
0 0.47578125 0.925 0.0203125 0.0234375
0 0.52734375 0.871875 0.0234375 0.028125
0 0.1859375 0.60859375 0.01953125 0.0171875
0 0.190625 0.628125 0.025 0.02421875
0 0.2671875 0.58515625 0.0265625 0.0234375
0 0.25859375 0.60859375 0.02421875 0.02265625
0 0.1234375 0.45 0.0265625 0.02734375