0 0.21015625 0.9328125 0.065625 0.059375
0 0.21015625 0.88984375 0.046875 0.040625
0 0.24765625 0.98125 0.0515625 0.0375
0 0.30546875 0.87265625 0.05 0.05
0 0.26015625 0.85859375 0.046875 0.046875
0 0.3 0.7453125 0.040625 0.0375
0 0.3 0.71015625 0.046875 0.0421875
0 0.08828125 0.4953125 0.0375 0.03125
0 0.1609375 0.98125 0.05 0.0375
0 0.16640625 0.403125 0.040625 0.0296875
0 0.1625 0.465625 0.028125 0.021875
0 0.1546875 0.48828125 0.0375 0.034375
0 0.128125 0.51640625 0.046875 0.03125
0 0.0140625 0.58125 0.028125 0.040625
0 0.0328125 0.55703125 0.0328125 0.034375
0 0.0375 0.59296875 0.034375 0.028125
0 0.0609375 0.56484375 0.034375 0.040625
0 0.1140625 0.5546875 0.0375 0.03125
0 0.11875 0.53125 0.034375 0.0390625
0 0.20625 0.4203125 0.040625 0.025
0 0.22109375 0.39453125 0.0203125 0.0265625
0 0.24375 0.40390625 0.025 0.021875
0 0.2578125 0.41796875 0.040625 0.0390625
0 0.36328125 0.38046875 0.0375 0.028125
0 0.07734375 0.428125 0.025 0.025
0 0.25546875 0.65078125 0.034375 0.034375
0 0.38828125 0.5296875 0.040625 0.040625
0 0.3171875 0.48828125 0.028125 0.021875
0 0.31875 0.46640625 0.03125 0.0265625
0 0.309375 0.50859375 0.025 0.021875
0 0.55625 0.08828125 0.053125 0.0546875
0 0.63515625 0.11171875 0.0390625 0.0375
0 0.71328125 0.1125 0.0328125 0.0375
0 0.725 0.12890625 0.05 0.05625
0 0.7015625 0.228125 0.0328125 0.028125
0 0.66953125 0.246875 0.040625 0.046875
0 0.55078125 0.37734375 0.03125 0.040625
0 0.52421875 0.3734375 0.03125 0.0375
0 0.4140625 0.26171875 0.034375 0.04375
0 0.4359375 0.2359375 0.0296875 0.03125
0 0.48203125 0.234375 0.028125 0.03125
0 0.3828125 0.2703125 0.034375 0.0328125
0 0.4359375 0.27265625 0.021875 0.0265625
0 0.48671875 0.44140625 0.0328125 0.0296875
0 0.49453125 0.50078125 0.040625 0.028125
0 0.4328125 0.50703125 0.05 0.040625
0 0.6234375 0.490625 0.04375 0.0390625
0 0.53125 0.4953125 0.03125 0.028125
0 0.7375 0.309375 0.05 0.0421875
0 0.71328125 0.26484375 0.0421875 0.040625
0 0.8171875 0.33984375 0.0484375 0.0390625
0 0.77421875 0.26640625 0.0375 0.040625
0 0.8234375 0.24609375 0.0375 0.034375
0 0.81796875 0.1953125 0.0484375 0.0421875
0 0.89921875 0.30546875 0.0484375 0.053125
0 0.85546875 0.1609375 0.05 0.053125
0 0.91953125 0.16640625 0.059375 0.053125
0 0.9515625 0.3703125 0.028125 0.021875
0 0.95 0.403125 0.0375 0.0328125
0 0.94375 0.4890625 0.0328125 0.0375
0 0.93984375 0.45078125 0.0328125 0.053125
0 0.83203125 0.50546875 0.028125 0.0375
0 0.865625 0.515625 0.03125 0.0328125
0 0.9265625 0.55625 0.034375 0.0375
0 0.84453125 0.58515625 0.040625 0.0421875
0 0.88046875 0.59296875 0.0421875 0.040625
0 0.759375 0.5609375 0.04375 0.046875
0 0.71796875 0.4328125 0.0265625 0.025
0 0.70859375 0.46171875 0.03125 0.03125
0 0.68125 0.4484375 0.046875 0.040625
0 0.60390625 0.4453125 0.0296875 0.028125
0 0.75859375 0.65078125 0.0375 0.028125
0 0.79296875 0.640625 0.025 0.021875
0 0.80390625 0.69296875 0.0265625 0.028125
0 0.9921875 0.66796875 0.015625 0.03125
0 0.96640625 0.70859375 0.0375 0.025
0 0.9375 0.78984375 0.0328125 0.028125
0 0.746875 0.7765625 0.0375 0.0375
0 0.7125 0.76953125 0.03125 0.0328125
0 0.88515625 0.93671875 0.0515625 0.053125
0 0.79453125 0.86015625 0.0421875 0.0421875
0 0.79375 0.81171875 0.040625 0.0421875
0 0.728125 0.8046875 0.034375 0.040625
0 0.634375 0.7734375 0.0375 0.0390625
0 0.64296875 0.734375 0.025 0.0203125
0 0.62265625 0.878125 0.028125 0.0265625
0 0.6484375 0.890625 0.034375 0.034375
0 0.58203125 0.921875 0.046875 0.04375
0 0.51484375 0.98515625 0.0421875 0.0296875
0 0.51484375 0.79453125 0.0375 0.028125
0 0.50859375 0.7703125 0.0375 0.03125
0 0.37890625 0.93671875 0.0375 0.03125
0 0.40625 0.97578125 0.05 0.0375
0 0.43046875 0.63359375 0.0296875 0.01875
0 0.4359375 0.61953125 0.0296875 0.025
0 0.37890625 0.59296875 0.03125 0.0328125
0 0.53515625 0.5796875 0.028125 0.03125
0 0.56328125 0.66953125 0.0296875 0.028125
0 0.5375 0.93671875 0.028125 0.025
0 0.53125 0.9703125 0.025 0.01875
0 0.54921875 0.9578125 0.025 0.028125
0 0.57890625 0.959375 0.0296875 0.03125
0 0.68671875 0.346875 0.028125 0.03125
0 0.94921875 0.73671875 0.0265625 0.028125
0 0.16796875 0.70390625 0.021875 0.0203125
0 0.17421875 0.72734375 0.0296875 0.028125
0 0.2640625 0.6765625 0.03125 0.028125
0 0.253125 0.70390625 0.028125 0.0265625
0 0.0953125 0.51796875 0.03125 0.03125